function dfdxSym = dfdx_model(t,in2,in3)
%DFDX_MODEL
%    dfdxSym = DFDX_MODEL(T,IN2,IN3)

%    This function was generated by the Symbolic Math Toolbox version 9.2.
%    31-May-2023 22:45:54

th1 = in3(1,:);
th2 = in3(2,:);
th3 = in3(3,:);
th6 = in3(4,:);
th7 = in3(5,:);
th8 = in3(6,:);
th11 = in3(7,:);
th12 = in3(8,:);
th13 = in3(9,:);
th14 = in3(10,:);
x1 = in2(1,:);
x2 = in2(2,:);
x3 = in2(3,:);
x4 = in2(4,:);
x5 = in2(5,:);
x6 = in2(6,:);
x7 = in2(7,:);
x8 = in2(8,:);
x9 = in2(9,:);
t2 = th11.*x2;
t3 = th12.*x3;
t4 = th13.*x4;
t5 = 1.0./th3;
t6 = 1.0./th6;
t7 = 1.0./th7;
t8 = 1.0./th8;
t9 = x3.*3.5184372088832e+13;
t10 = x8.*3.5184372088832e+13;
t11 = x4.*1.40737488355328e+14;
t12 = x6.*7.0368744177664e+13;
t13 = x5.*2.251799813685248e+15;
t14 = x7.*4.503599627370496e+15;
t15 = x9.*2.251799813685248e+15;
t16 = x2.*9.007199254740992e+15;
t17 = x8+3.7995870797099e+1;
t20 = x3+4.99999999906868e+1;
t23 = x6+2.19492689619356e+1;
t24 = x4+4.99999994988811e+1;
t26 = x9+1.86124538346878;
t27 = x7+1.66530861806818;
t28 = x5+3.84036420636605;
t35 = x2+8.16450007953423e-1;
t18 = t9+1.759218604113921e+15;
t19 = t10+1.336860855964317e+15;
t21 = t12+1.544542492469187e+15;
t22 = t11+7.036874347240185e+15;
t25 = t13+8.647731404378567e+15;
t29 = t15+4.191152007717527e+15;
t30 = t14+7.499883271788731e+15;
t31 = 1.0./t20;
t33 = 1.0./t17;
t37 = t16+7.353927903171349e+15;
t38 = 1.0./t23;
t39 = 1.0./t24;
t45 = 1.0./t28;
t50 = 1.0./t26;
t51 = 1.0./t27;
t57 = 1.0./t35;
t32 = t31.^2;
t34 = 1.0./t18.^2;
t36 = 1.0./t19.^2;
t40 = t39.^2;
t41 = 1.0./t21.^2;
t42 = 1.0./t22.^2;
t43 = t31.*x3;
t46 = 1.0./t29.^2;
t47 = t33.*x8;
t48 = 1.0./t30.^2;
t49 = 1.0./t25.^2;
t52 = t39.*x4;
t54 = 1.0./t37.^2;
t55 = -t31;
t56 = t38.*x6;
t58 = t57.^2;
t59 = -t39;
t60 = t50.*x9;
t61 = t51.*x7;
t62 = t45.*x5;
t63 = t57.*x2;
t65 = -t57;
t44 = t32.*x3;
t53 = t40.*x4;
t64 = t58.*x2;
t66 = t34.*th1.*x1.*1.547425049106725e+26;
t71 = t36.*th1.*x1.*1.175915244900105e+26;
t73 = t41.*th1.*x1.*2.717187888608508e+26;
t75 = t46.*th1.*x1.*2.359408827965693e+28;
t76 = t49.*th1.*x1.*4.868239992201709e+28;
t78 = t48.*th1.*x1.*8.444117878610321e+28;
t81 = t54.*th1.*x1.*1.655957348530044e+29;
t84 = t43+t47+t52+t56+t60+t61+t62+t63;
t67 = -t66;
t68 = t44+t55;
t69 = t53+t59;
t70 = t64+t65;
t72 = -t71;
t74 = -t73;
t77 = -t75;
t79 = -t76;
t80 = -t78;
t82 = -t81;
t83 = th1.*(t39-t53).*(-2.50000000046566e-3);
t85 = t84.*th1.*2.50000000046566e-3;
t86 = -t85;
mt1 = [-th2+(t84.*th1)./8.0,-t2-(t5.*t84.*th1)./8.0,-t3-t84.*th1.*4.223924006036696e-2,-t4+t86,t2+t3+t4-th14.*x5-(t6.*t84.*th1)./8.0,th14.*x6-(t7.*t84.*th1)./8.0,th14.*x7-(t8.*t84.*th1)./8.0,t4+t86,t3-t84.*th1.*2.593753788511239e-1,t2,t54.*th1.*x1.*8.279786741107995e+30];
mt2 = [-x1.*(th11+(t5.*th1.*(t57-t64))./8.0),t54.*th1.*x1.*(-2.797855198450432e+30),t82,x1.*(th11-(t6.*th1.*(t57-t64))./8.0),t7.*t54.*th1.*x1.*-8.279786741107995e+30,t8.*t54.*th1.*x1.*-8.279786741107995e+30,t82];
mt3 = [t54.*th1.*x1.*(-1.718058258225119e+31),th11.*x1,t34.*th1.*x1.*7.737125244092479e+27,t5.*t34.*th1.*x1.*-7.737125244092479e+27,-x1.*(th12+th1.*(t31-t44).*4.223924006036696e-2),t67];
mt4 = [x1.*(th12-(t6.*th1.*(t31-t44))./8.0),t7.*t34.*th1.*x1.*-7.737125244092479e+27,t8.*t34.*th1.*x1.*-7.737125244092479e+27,t67,x1.*(th12-th1.*(t31-t44).*2.593753788511239e-1),0.0,t42.*th1.*x1.*1.237940026878277e+29];
mt5 = [t5.*t42.*th1.*x1.*-1.237940026878277e+29,t42.*th1.*x1.*(-4.183171678051895e+28),-x1.*(th13+th1.*(t39-t53).*2.50000000046566e-3),x1.*(th13-(t6.*th1.*(t39-t53))./8.0)];
mt6 = [t7.*t42.*th1.*x1.*-1.237940026878277e+29,t8.*t42.*th1.*x1.*-1.237940026878277e+29,x1.*(t83+th13),t42.*th1.*x1.*(-2.568729307732189e+29),0.0,t49.*th1.*x1.*2.434119995647466e+30];
mt7 = [t5.*t49.*th1.*x1.*-2.434119995647466e+30,t49.*th1.*x1.*(-8.225230306551415e+29),t79,-x1.*(th14+(t6.*th1.*(t45-t45.*t62))./8.0),t7.*t49.*th1.*x1.*-2.434119995647466e+30,t8.*t49.*th1.*x1.*-2.434119995647466e+30];
mt8 = [t79,t49.*th1.*x1.*(-5.050806368321259e+30),0.0,t41.*th1.*x1.*1.358593944051197e+28,t5.*t41.*th1.*x1.*-1.358593944051197e+28];
mt9 = [t41.*th1.*x1.*(-4.590878059787141e+27),t74,t6.*t41.*th1.*x1.*-1.358593944051197e+28,x1.*(th14-(t7.*th1.*(t38-t38.*t56))./8.0),t8.*t41.*th1.*x1.*-1.358593944051197e+28,t74];
mt10 = [t41.*th1.*x1.*(-2.819086551544974e+28),0.0,t48.*th1.*x1.*4.222058938518743e+30,t5.*t48.*th1.*x1.*-4.222058938518743e+30];
mt11 = [t48.*th1.*x1.*(-1.426692488424891e+30),t80,t6.*t48.*th1.*x1.*-4.222058938518743e+30,t7.*t48.*th1.*x1.*-4.222058938518743e+30,x1.*(th14-(t8.*th1.*(t51-t51.*t61))./8.0),t80];
mt12 = [t48.*th1.*x1.*(-8.760785093680584e+30),0.0,t36.*th1.*x1.*5.879576223405371e+27,t5.*t36.*th1.*x1.*-5.879576223405371e+27];
mt13 = [t36.*th1.*x1.*(-1.986790652429162e+27),t72,t6.*t36.*th1.*x1.*-5.879576223405371e+27,t7.*t36.*th1.*x1.*-5.879576223405371e+27,t8.*t36.*th1.*x1.*-5.879576223405371e+27,t72];
mt14 = [t36.*th1.*x1.*(-1.220013848343863e+28),0.0,t46.*th1.*x1.*1.17970441376311e+30,t5.*t46.*th1.*x1.*-1.17970441376311e+30];
mt15 = [t46.*th1.*x1.*(-3.986385434657159e+29),t77,t6.*t46.*th1.*x1.*-1.17970441376311e+30,t7.*t46.*th1.*x1.*-1.17970441376311e+30,t8.*t46.*th1.*x1.*-1.17970441376311e+30,t77];
mt16 = [t46.*th1.*x1.*(-2.447890234017197e+30),0.0,0.0,0.0,0.0,0.0,0.0,0.0,0.0,0.0,0.0,0.0];
dfdxSym = reshape([mt1,mt2,mt3,mt4,mt5,mt6,mt7,mt8,mt9,mt10,mt11,mt12,mt13,mt14,mt15,mt16],10,10);
