function dfdthSym = dfdth_model(t,in2,in3)
%DFDTH_MODEL
%    dfdthSym = DFDTH_MODEL(T,IN2,IN3)

%    This function was generated by the Symbolic Math Toolbox version 9.2.
%    31-May-2023 21:17:03

th1 = in3(1,:);
th3 = in3(3,:);
th4 = in3(4,:);
th5 = in3(5,:);
th6 = in3(6,:);
th7 = in3(7,:);
th8 = in3(8,:);
th9 = in3(9,:);
th10 = in3(10,:);
x1 = in2(1,:);
x2 = in2(2,:);
x3 = in2(3,:);
x4 = in2(4,:);
x5 = in2(5,:);
x6 = in2(6,:);
x7 = in2(7,:);
x8 = in2(8,:);
x9 = in2(9,:);
t2 = x1.*x2;
t3 = x1.*x3;
t4 = x1.*x4;
t5 = x2+5.0e+1;
t6 = x4+5.0e+1;
t7 = x8+5.0e+1;
t14 = x9+1.16185559907235;
t15 = x6+1.20089248843775e+1;
t16 = x7+1.86021006236492e+1;
t17 = x5+1.41124995168232;
t23 = x3+2.63462005905101e-3;
t8 = 1.0./t5;
t9 = 1.0./t6;
t10 = 1.0./t7;
t18 = 1.0./t14;
t19 = 1.0./t15;
t20 = 1.0./t16;
t21 = 1.0./t17;
t27 = 1.0./t23;
t11 = t8.*x2;
t12 = t9.*x4;
t13 = t10.*x8;
t22 = t18.*x9;
t24 = t19.*x6;
t25 = t20.*x7;
t26 = t21.*x5;
t28 = t27.*x3;
t29 = t11+t12+t13+t22+t24+t25+t26+t28;
mt1 = [x1.*(t11./8.0+t12./8.0+t13./8.0+t22./8.0+t24./8.0+t25./8.0+t26./8.0+t28./8.0),(t29.*x1.*(-1.0./8.0))./th3,(t29.*x1.*(-1.0./8.0))./th4,(t29.*x1.*(-1.0./8.0))./th5,(t29.*x1.*(-1.0./8.0))./th6,(t29.*x1.*(-1.0./8.0))./th7,(t29.*x1.*(-1.0./8.0))./th8,(t29.*x1.*(-1.0./8.0))./th9,(t29.*x1.*(-1.0./8.0))./th10,0.0,-x1,0.0,0.0,0.0,0.0,0.0,0.0,0.0,0.0,0.0,0.0,(t29.*th1.*1.0./th3.^2.*x1)./8.0,0.0,0.0,0.0,0.0,0.0,0.0,0.0,0.0,0.0,0.0,(t29.*th1.*1.0./th4.^2.*x1)./8.0,0.0,0.0,0.0,0.0];
mt2 = [0.0,0.0,0.0,0.0,0.0,0.0,(t29.*th1.*1.0./th5.^2.*x1)./8.0,0.0,0.0,0.0,0.0,0.0,0.0,0.0,0.0,0.0,0.0,(t29.*th1.*1.0./th6.^2.*x1)./8.0,0.0,0.0,0.0,0.0,0.0,0.0,0.0,0.0,0.0,0.0,(t29.*th1.*1.0./th7.^2.*x1)./8.0,0.0,0.0,0.0,0.0,0.0,0.0,0.0,0.0,0.0,0.0,(t29.*th1.*1.0./th8.^2.*x1)./8.0,0.0,0.0,0.0,0.0,0.0,0.0,0.0,0.0,0.0,0.0,(t29.*th1.*1.0./th9.^2.*x1)./8.0,0.0,0.0,0.0,0.0,0.0,0.0,0.0,0.0,0.0,0.0,(t29.*th1.*1.0./th10.^2.*x1)./8.0,0.0,0.0,-t2,0.0,0.0,t2,0.0,0.0,0.0,0.0,t2,0.0,0.0,-t3,0.0,t3,0.0,0.0,0.0,t3,0.0,0.0,0.0,0.0,-t4,t4,0.0,0.0,t4,0.0,0.0,0.0,0.0,0.0,0.0,-x1.*x5,x1.*x6,x1.*x7,0.0,0.0,0.0];
dfdthSym = reshape([mt1,mt2],10,14);
