function dfdxSym = dfdx_model(t,in2,in3)
%DFDX_MODEL
%    dfdxSym = DFDX_MODEL(T,IN2,IN3)

%    This function was generated by the Symbolic Math Toolbox version 9.2.
%    31-May-2023 21:17:02

th1 = in3(1,:);
th2 = in3(2,:);
th3 = in3(3,:);
th4 = in3(4,:);
th5 = in3(5,:);
th6 = in3(6,:);
th7 = in3(7,:);
th8 = in3(8,:);
th9 = in3(9,:);
th10 = in3(10,:);
th11 = in3(11,:);
th12 = in3(12,:);
th13 = in3(13,:);
th14 = in3(14,:);
x1 = in2(1,:);
x2 = in2(2,:);
x3 = in2(3,:);
x4 = in2(4,:);
x5 = in2(5,:);
x6 = in2(6,:);
x7 = in2(7,:);
x8 = in2(8,:);
x9 = in2(9,:);
t2 = th11.*x2;
t3 = th12.*x3;
t4 = th13.*x4;
t5 = 1.0./th3;
t6 = 1.0./th4;
t7 = 1.0./th5;
t8 = 1.0./th6;
t9 = 1.0./th7;
t10 = 1.0./th8;
t11 = 1.0./th9;
t12 = 1.0./th10;
t13 = x2+5.0e+1;
t14 = x4+5.0e+1;
t15 = x8+5.0e+1;
t29 = x6.*1.40737488355328e+14;
t30 = x7.*1.40737488355328e+14;
t31 = x9.*2.81474976710656e+14;
t32 = x5.*4.503599627370496e+15;
t35 = x3.*2.305843009213694e+18;
t36 = x9+1.16185559907235;
t38 = x6+1.20089248843775e+1;
t39 = x7+1.86021006236492e+1;
t43 = x5+1.41124995168232;
t54 = x3+2.63462005905101e-3;
t16 = 1.0./t13;
t18 = 1.0./t14;
t20 = 1.0./t15;
t37 = t31+3.27033277690035e+14;
t40 = t29+1.690105926075087e+15;
t41 = t30+2.618012919905469e+15;
t42 = t32+6.355704756523127e+15;
t44 = 1.0./t36;
t48 = 1.0./t38;
t49 = 1.0./t39;
t50 = 1.0./t43;
t51 = t35+6.075020245096941e+15;
t58 = 1.0./t54;
t17 = t16.^2;
t19 = t18.^2;
t21 = t20.^2;
t22 = t16.*x2;
t24 = t18.*x4;
t26 = t20.*x8;
t27 = -t16;
t28 = -t18;
t45 = 1.0./t37.^2;
t46 = 1.0./t40.^2;
t47 = 1.0./t41.^2;
t52 = 1.0./t42.^2;
t53 = t44.*x9;
t55 = t48.*x6;
t56 = t49.*x7;
t57 = t50.*x5;
t59 = t58.^2;
t60 = 1.0./t51.^2;
t61 = t58.*x3;
t23 = t17.*x2;
t25 = t19.*x4;
t62 = t59.*x3;
t65 = t22+t24+t26+t53+t55+t56+t57+t61;
t33 = t23+t27;
t34 = t25+t28;
t63 = -t62;
t64 = t58+t63;
mt1 = [-th2+(t65.*th1)./8.0,-t2-(t5.*t65.*th1)./8.0,-t3-(t6.*t65.*th1)./8.0,-t4-(t7.*t65.*th1)./8.0,t2+t3+t4-th14.*x5-(t8.*t65.*th1)./8.0,th14.*x6-(t9.*t65.*th1)./8.0,th14.*x7-(t10.*t65.*th1)./8.0,t4-(t11.*t65.*th1)./8.0,t3-(t12.*t65.*th1)./8.0,t2,t17.*th1.*x1.*(2.5e+1./4.0),-x1.*(th11+(t5.*th1.*(t16-t23))./8.0),t6.*t17.*th1.*x1.*(-2.5e+1./4.0),t7.*t17.*th1.*x1.*(-2.5e+1./4.0),x1.*(th11-(t8.*th1.*(t16-t23))./8.0),t9.*t17.*th1.*x1.*(-2.5e+1./4.0)];
mt2 = [t10.*t17.*th1.*x1.*(-2.5e+1./4.0),t11.*t17.*th1.*x1.*(-2.5e+1./4.0),t12.*t17.*th1.*x1.*(-2.5e+1./4.0),th11.*x1,t60.*th1.*x1.*1.751005370373555e+33,t5.*t60.*th1.*x1.*-1.751005370373555e+33,-x1.*(th12+(t6.*t64.*th1)./8.0),t7.*t60.*th1.*x1.*-1.751005370373555e+33,x1.*(th12-(t8.*t64.*th1)./8.0)];
mt3 = [t9.*t60.*th1.*x1.*-1.751005370373555e+33,t10.*t60.*th1.*x1.*-1.751005370373555e+33,t11.*t60.*th1.*x1.*-1.751005370373555e+33,x1.*(th12-(t12.*t64.*th1)./8.0),0.0,t19.*th1.*x1.*(2.5e+1./4.0),t5.*t19.*th1.*x1.*(-2.5e+1./4.0),t6.*t19.*th1.*x1.*(-2.5e+1./4.0),-x1.*(th13+(t7.*th1.*(t18-t25))./8.0),x1.*(th13-(t8.*th1.*(t18-t25))./8.0)];
mt4 = [t9.*t19.*th1.*x1.*(-2.5e+1./4.0),t10.*t19.*th1.*x1.*(-2.5e+1./4.0),x1.*(th13-(t11.*th1.*(t18-t25))./8.0),t12.*t19.*th1.*x1.*(-2.5e+1./4.0),0.0,t52.*th1.*x1.*3.577943696644305e+30,t5.*t52.*th1.*x1.*-3.577943696644305e+30,t6.*t52.*th1.*x1.*-3.577943696644305e+30,t7.*t52.*th1.*x1.*-3.577943696644305e+30];
mt5 = [-x1.*(th14+(t8.*th1.*(t50-t50.*t57))./8.0),t9.*t52.*th1.*x1.*-3.577943696644305e+30,t10.*t52.*th1.*x1.*-3.577943696644305e+30,t11.*t52.*th1.*x1.*-3.577943696644305e+30,t12.*t52.*th1.*x1.*-3.577943696644305e+30,0.0];
mt6 = [t46.*th1.*x1.*2.973265788628293e+28,t5.*t46.*th1.*x1.*-2.973265788628293e+28,t6.*t46.*th1.*x1.*-2.973265788628293e+28,t7.*t46.*th1.*x1.*-2.973265788628293e+28,t8.*t46.*th1.*x1.*-2.973265788628293e+28,x1.*(th14-(t9.*th1.*(t48-t48.*t55))./8.0)];
mt7 = [t10.*t46.*th1.*x1.*-2.973265788628293e+28,t11.*t46.*th1.*x1.*-2.973265788628293e+28,t12.*t46.*th1.*x1.*-2.973265788628293e+28,0.0,t47.*th1.*x1.*4.605657035366177e+28,t5.*t47.*th1.*x1.*-4.605657035366177e+28];
mt8 = [t6.*t47.*th1.*x1.*-4.605657035366177e+28,t7.*t47.*th1.*x1.*-4.605657035366177e+28,t8.*t47.*th1.*x1.*-4.605657035366177e+28,t9.*t47.*th1.*x1.*-4.605657035366177e+28,x1.*(th14-(t10.*th1.*(t49-t49.*t56))./8.0),t11.*t47.*th1.*x1.*-4.605657035366177e+28];
mt9 = [t12.*t47.*th1.*x1.*-4.605657035366177e+28,0.0,t21.*th1.*x1.*(2.5e+1./4.0),t5.*t21.*th1.*x1.*(-2.5e+1./4.0),t6.*t21.*th1.*x1.*(-2.5e+1./4.0),t7.*t21.*th1.*x1.*(-2.5e+1./4.0),t8.*t21.*th1.*x1.*(-2.5e+1./4.0),t9.*t21.*th1.*x1.*(-2.5e+1./4.0),t10.*t21.*th1.*x1.*(-2.5e+1./4.0),t11.*t21.*th1.*x1.*(-2.5e+1./4.0),t12.*t21.*th1.*x1.*(-2.5e+1./4.0),0.0,t45.*th1.*x1.*1.150646052767651e+28,t5.*t45.*th1.*x1.*-1.150646052767651e+28];
mt10 = [t6.*t45.*th1.*x1.*-1.150646052767651e+28,t7.*t45.*th1.*x1.*-1.150646052767651e+28,t8.*t45.*th1.*x1.*-1.150646052767651e+28,t9.*t45.*th1.*x1.*-1.150646052767651e+28,t10.*t45.*th1.*x1.*-1.150646052767651e+28];
mt11 = [t11.*t45.*th1.*x1.*-1.150646052767651e+28,t12.*t45.*th1.*x1.*-1.150646052767651e+28,0.0,0.0,0.0,0.0,0.0,0.0,0.0,0.0,0.0,0.0,0.0];
dfdxSym = reshape([mt1,mt2,mt3,mt4,mt5,mt6,mt7,mt8,mt9,mt10,mt11],10,10);
