function dfdxSym = dfdx_model(t,in2,in3)
%DFDX_MODEL
%    dfdxSym = DFDX_MODEL(T,IN2,IN3)

%    This function was generated by the Symbolic Math Toolbox version 9.2.
%    31-May-2023 23:13:55

th1 = in3(1,:);
th2 = in3(2,:);
th3 = in3(3,:);
th4 = in3(4,:);
th5 = in3(5,:);
th6 = in3(6,:);
th7 = in3(7,:);
th8 = in3(8,:);
th9 = in3(9,:);
th10 = in3(10,:);
th11 = in3(11,:);
th12 = in3(12,:);
th13 = in3(13,:);
th14 = in3(14,:);
th18 = in3(15,:);
x1 = in2(1,:);
x2 = in2(2,:);
x3 = in2(3,:);
x4 = in2(4,:);
x5 = in2(5,:);
x6 = in2(6,:);
x7 = in2(7,:);
x8 = in2(8,:);
x9 = in2(9,:);
t2 = th11.*x2;
t3 = th12.*x3;
t4 = th13.*x4;
t5 = th18+x5;
t6 = 1.0./th3;
t7 = 1.0./th4;
t8 = 1.0./th5;
t9 = 1.0./th6;
t10 = 1.0./th7;
t11 = 1.0./th8;
t12 = 1.0./th9;
t13 = 1.0./th10;
t14 = x4+5.0e+1;
t15 = x8+5.0e+1;
t27 = x3.*3.5184372088832e+13;
t28 = x2.*1.40737488355328e+14;
t29 = x6.*1.40737488355328e+14;
t30 = x7.*7.0368744177664e+13;
t31 = x9.*1.40737488355328e+14;
t33 = x3+4.60072948671266e+1;
t35 = x6+3.92916983687822e+1;
t36 = x9+2.58902112996201e+1;
t37 = x2+3.27288990615856e+1;
t38 = x7+4.87007202410084e+1;
t16 = 1.0./t5;
t18 = 1.0./t14;
t20 = 1.0./t15;
t34 = t27+1.618737781405593e+15;
t39 = t29+5.529814941637545e+15;
t40 = t31+3.643723311297265e+15;
t41 = t28+4.606183050562609e+15;
t42 = t30+3.427008523907503e+15;
t44 = 1.0./t33;
t49 = 1.0./t35;
t50 = 1.0./t36;
t51 = 1.0./t37;
t53 = 1.0./t38;
t17 = t16.^2;
t19 = t18.^2;
t21 = t20.^2;
t22 = t16.*x5;
t23 = t18.*x4;
t25 = t20.*x8;
t26 = -t18;
t43 = 1.0./t34.^2;
t45 = t44.^2;
t46 = 1.0./t40.^2;
t47 = 1.0./t41.^2;
t48 = 1.0./t42.^2;
t52 = t51.^2;
t54 = 1.0./t39.^2;
t55 = t44.*x3;
t57 = -t44;
t58 = t49.*x6;
t59 = t50.*x9;
t60 = t51.*x2;
t62 = t53.*x7;
t63 = -t51;
t24 = t19.*x4;
t56 = t45.*x3;
t61 = t52.*x2;
t66 = t22+t23+t25+t55+t58+t59+t60+t62;
t32 = t24+t26;
t64 = t56+t57;
t65 = t61+t63;
mt1 = [-th2+(t66.*th1)./8.0,-t2-(t6.*t66.*th1)./8.0,-t3-(t7.*t66.*th1)./8.0,-t4-(t8.*t66.*th1)./8.0,t2+t3+t4-th14.*x5-(t9.*t66.*th1)./8.0,th14.*x6-(t10.*t66.*th1)./8.0,th14.*x7-(t11.*t66.*th1)./8.0,t4-(t12.*t66.*th1)./8.0,t3-(t13.*t66.*th1)./8.0,t2,t47.*th1.*x1.*8.103282918013305e+28,-x1.*(th11+(t6.*th1.*(t51-t61))./8.0)];
mt2 = [t7.*t47.*th1.*x1.*-8.103282918013305e+28,t8.*t47.*th1.*x1.*-8.103282918013305e+28,x1.*(th11-(t9.*th1.*(t51-t61))./8.0),t10.*t47.*th1.*x1.*-8.103282918013305e+28,t11.*t47.*th1.*x1.*-8.103282918013305e+28,t12.*t47.*th1.*x1.*-8.103282918013305e+28];
mt3 = [t13.*t47.*th1.*x1.*-8.103282918013305e+28,th11.*x1,t43.*th1.*x1.*7.119284051903098e+27,t6.*t43.*th1.*x1.*-7.119284051903098e+27,-x1.*(th12+(t7.*th1.*(t44-t56))./8.0),t8.*t43.*th1.*x1.*-7.119284051903098e+27,x1.*(th12-(t9.*th1.*(t44-t56))./8.0)];
mt4 = [t10.*t43.*th1.*x1.*-7.119284051903098e+27,t11.*t43.*th1.*x1.*-7.119284051903098e+27,t12.*t43.*th1.*x1.*-7.119284051903098e+27,x1.*(th12-(t13.*th1.*(t44-t56))./8.0),0.0,t19.*th1.*x1.*(2.5e+1./4.0),t6.*t19.*th1.*x1.*(-2.5e+1./4.0),t7.*t19.*th1.*x1.*(-2.5e+1./4.0),-x1.*(th13+(t8.*th1.*(t18-t24))./8.0),x1.*(th13-(t9.*th1.*(t18-t24))./8.0),t10.*t19.*th1.*x1.*(-2.5e+1./4.0)];
mt5 = [t11.*t19.*th1.*x1.*(-2.5e+1./4.0),x1.*(th13-(t12.*th1.*(t18-t24))./8.0),t13.*t19.*th1.*x1.*(-2.5e+1./4.0),0.0,(t17.*th1.*th18.*x1)./8.0,t6.*t17.*th1.*th18.*x1.*(-1.0./8.0),t7.*t17.*th1.*th18.*x1.*(-1.0./8.0),t8.*t17.*th1.*th18.*x1.*(-1.0./8.0),-x1.*(th14+(t9.*th1.*(t16-t17.*x5))./8.0),t10.*t17.*th1.*th18.*x1.*(-1.0./8.0),t11.*t17.*th1.*th18.*x1.*(-1.0./8.0),t12.*t17.*th1.*th18.*x1.*(-1.0./8.0),t13.*t17.*th1.*th18.*x1.*(-1.0./8.0),0.0,t54.*th1.*x1.*9.72815332444791e+28];
mt6 = [t6.*t54.*th1.*x1.*-9.72815332444791e+28,t7.*t54.*th1.*x1.*-9.72815332444791e+28,t8.*t54.*th1.*x1.*-9.72815332444791e+28,t9.*t54.*th1.*x1.*-9.72815332444791e+28,x1.*(th14-(t10.*th1.*(t49-t49.*t58))./8.0),t11.*t54.*th1.*x1.*-9.72815332444791e+28];
mt7 = [t12.*t54.*th1.*x1.*-9.72815332444791e+28,t13.*t54.*th1.*x1.*-9.72815332444791e+28,0.0,t48.*th1.*x1.*3.014428576419013e+28,t6.*t48.*th1.*x1.*-3.014428576419013e+28,t7.*t48.*th1.*x1.*-3.014428576419013e+28];
mt8 = [t8.*t48.*th1.*x1.*-3.014428576419013e+28,t9.*t48.*th1.*x1.*-3.014428576419013e+28,t10.*t48.*th1.*x1.*-3.014428576419013e+28,x1.*(th14-(t11.*th1.*(t53-t53.*t62))./8.0),t12.*t48.*th1.*x1.*-3.014428576419013e+28,t13.*t48.*th1.*x1.*-3.014428576419013e+28,0.0];
mt9 = [t21.*th1.*x1.*(2.5e+1./4.0),t6.*t21.*th1.*x1.*(-2.5e+1./4.0),t7.*t21.*th1.*x1.*(-2.5e+1./4.0),t8.*t21.*th1.*x1.*(-2.5e+1./4.0),t9.*t21.*th1.*x1.*(-2.5e+1./4.0),t10.*t21.*th1.*x1.*(-2.5e+1./4.0),t11.*t21.*th1.*x1.*(-2.5e+1./4.0),t12.*t21.*th1.*x1.*(-2.5e+1./4.0),t13.*t21.*th1.*x1.*(-2.5e+1./4.0),0.0,t46.*th1.*x1.*6.4101058386717e+28,t6.*t46.*th1.*x1.*-6.4101058386717e+28,t7.*t46.*th1.*x1.*-6.4101058386717e+28];
mt10 = [t8.*t46.*th1.*x1.*-6.4101058386717e+28,t9.*t46.*th1.*x1.*-6.4101058386717e+28,t10.*t46.*th1.*x1.*-6.4101058386717e+28,t11.*t46.*th1.*x1.*-6.4101058386717e+28,t12.*t46.*th1.*x1.*-6.4101058386717e+28];
mt11 = [t13.*t46.*th1.*x1.*-6.4101058386717e+28,0.0,0.0,0.0,0.0,0.0,0.0,0.0,0.0,0.0,0.0,0.0];
dfdxSym = reshape([mt1,mt2,mt3,mt4,mt5,mt6,mt7,mt8,mt9,mt10,mt11],10,10);
