function x0Sym = x0_model(in1)
%X0_MODEL
%    x0Sym = X0_MODEL(IN1)

%    This function was generated by the Symbolic Math Toolbox version 9.2.
%    31-May-2023 23:13:56

mt1 = [1.352000001e-1;7.3509473841;8.0000000001;2.9098990851;2.3159285331;1.0e-10;1.0e-10];
mt2 = [4.5417162921;1.0e-10;1.0e-10];
x0Sym = [mt1;mt2];
