function dfdxSym = dfdx_model(t,in2,in3)
%DFDX_MODEL
%    dfdxSym = DFDX_MODEL(T,IN2,IN3)

%    This function was generated by the Symbolic Math Toolbox version 9.2.
%    31-May-2023 23:09:30

th1 = in3(1,:);
th2 = in3(2,:);
th3 = in3(3,:);
th5 = in3(4,:);
th11 = in3(5,:);
th12 = in3(6,:);
th13 = in3(7,:);
th14 = in3(8,:);
x1 = in2(1,:);
x2 = in2(2,:);
x3 = in2(3,:);
x4 = in2(4,:);
x5 = in2(5,:);
x6 = in2(6,:);
x7 = in2(7,:);
x8 = in2(8,:);
x9 = in2(9,:);
t2 = th11.*x2;
t3 = th12.*x3;
t4 = th13.*x4;
t5 = 1.0./th3;
t6 = 1.0./th5;
t7 = x2+5.0e+1;
t8 = x4+5.0e+1;
t19 = x6.*3.5184372088832e+13;
t20 = x3.*2.81474976710656e+14;
t21 = x7.*1.40737488355328e+14;
t22 = x8.*1.40737488355328e+14;
t23 = x9.*1.40737488355328e+14;
t24 = x5.*2.251799813685248e+15;
t27 = x6+4.14964190890544e+1;
t29 = x3+2.19491164389871e+1;
t31 = x7+4.55219841529752e+1;
t32 = x8+4.99998982430964e+1;
t35 = x9+4.89808949505372e+1;
t38 = x5+2.17266488267788;
t9 = 1.0./t7;
t11 = 1.0./t8;
t28 = t19+1.460025449583401e+15;
t30 = t23+6.893448132734773e+15;
t33 = t20+6.178127038483371e+15;
t34 = t21+6.406649714640773e+15;
t36 = t22+7.036860096755365e+15;
t37 = t24+4.892406378014531e+15;
t40 = 1.0./t27;
t41 = 1.0./t35;
t43 = 1.0./t29;
t46 = 1.0./t31;
t47 = 1.0./t32;
t50 = 1.0./t38;
t10 = t9.^2;
t12 = t11.^2;
t13 = t9.*x2;
t15 = t11.*x4;
t17 = -t9;
t18 = -t11;
t39 = 1.0./t28.^2;
t42 = 1.0./t36.^2;
t44 = t43.^2;
t45 = 1.0./t30.^2;
t48 = 1.0./t33.^2;
t49 = 1.0./t34.^2;
t51 = 1.0./t37.^2;
t52 = t40.*x6;
t53 = t41.*x9;
t54 = t43.*x3;
t56 = t46.*x7;
t57 = t47.*x8;
t58 = t50.*x5;
t59 = -t43;
t14 = t10.*x2;
t16 = t12.*x4;
t55 = t44.*x3;
t61 = t13+t15+t52+t53+t54+t56+t57+t58;
t25 = t14+t17;
t26 = t16+t18;
t60 = t55+t59;
mt1 = [-th2+(t61.*th1)./8.0,-t2-(t5.*t61.*th1)./8.0,-t3-t61.*th1.*3.873074066115075e-1,-t4-(t6.*t61.*th1)./8.0,t2+t3+t4-t61.*th1.*1.574567667912253e-1-th14.*x5,t61.*th1.*(-2.545016783061344e-3)+th14.*x6];
mt2 = [t61.*th1.*(-2.569220064269693e-3)+th14.*x7,t4-t61.*th1.*2.500000011131805e-3,t3-t61.*th1.*4.91060599048407e-2,t2,t10.*th1.*x1.*(2.5e+1./4.0),-x1.*(th11+(t5.*th1.*(t9-t14))./8.0),t10.*th1.*x1.*(-1.936537033057537e+1),t6.*t10.*th1.*x1.*(-2.5e+1./4.0)];
mt3 = [x1.*(th11-th1.*(t9-t14).*1.574567667912253e-1),t10.*th1.*x1.*(-1.272508391530672e-1),t10.*th1.*x1.*(-1.284610032134846e-1),t10.*th1.*x1.*(-1.250000005565903e-1),t10.*th1.*x1.*(-2.455302995242035),th11.*x1];
mt4 = [t48.*th1.*x1.*2.173735205340726e+29,t5.*t48.*th1.*x1.*-2.173735205340726e+29,-x1.*(th12+th1.*(t43-t55).*3.873074066115075e-1),t6.*t48.*th1.*x1.*-2.173735205340726e+29,x1.*(th12-th1.*(t43-t55).*1.574567667912253e-1)];
mt5 = [t48.*th1.*x1.*(-4.425754063618756e+27),t48.*th1.*x1.*(-4.467843283176636e+27),t48.*th1.*x1.*(-4.34747043003953e+27)];
mt6 = [x1.*(th12-th1.*(t43-t55).*4.91060599048407e-2),0.0,t12.*th1.*x1.*(2.5e+1./4.0),t5.*t12.*th1.*x1.*(-2.5e+1./4.0),t12.*th1.*x1.*(-1.936537033057537e+1),-x1.*(th13+(t6.*th1.*(t11-t16))./8.0),x1.*(th13-th1.*(t11-t16).*1.574567667912253e-1)];
mt7 = [t12.*th1.*x1.*(-1.272508391530672e-1),t12.*th1.*x1.*(-1.284610032134846e-1),x1.*(th13-th1.*(t11-t16).*2.500000011131805e-3),t12.*th1.*x1.*(-2.455302995242035),0.0,t51.*th1.*x1.*1.377089971310705e+30];
mt8 = [t5.*t51.*th1.*x1.*-1.377089971310705e+30,t51.*th1.*x1.*(-4.266857163672515e+30),t6.*t51.*th1.*x1.*-1.377089971310705e+30,-x1.*(th14+th1.*(t50-t50.*t58).*1.574567667912253e-1)];
mt9 = [t51.*th1.*x1.*(-2.803773671016967e+28),t51.*th1.*x1.*(-2.830437747676831e+28),t51.*th1.*x1.*(-2.754179954885008e+28)];
mt10 = [t51.*th1.*x1.*(-5.409877010043108e+29),0.0,t39.*th1.*x1.*6.421259834663326e+27,t5.*t39.*th1.*x1.*-6.421259834663326e+27,t39.*th1.*x1.*(-1.989601194993672e+28)];
mt11 = [t6.*t39.*th1.*x1.*-6.421259834663326e+27,t39.*th1.*x1.*(-8.088566498339561e+27),x1.*(th14-th1.*(t40-t40.*t52).*2.545016783061344e-3)];
mt12 = [t39.*th1.*x1.*(-1.319810368408489e+26),t39.*th1.*x1.*(-1.284251972651082e+26),t39.*th1.*x1.*(-2.522582160844198e+27),0.0];
mt13 = [t49.*th1.*x1.*1.127069737013652e+29,t5.*t49.*th1.*x1.*-1.127069737013652e+29,t49.*th1.*x1.*(-3.492179655304569e+29),t6.*t49.*th1.*x1.*-1.127069737013652e+29];
mt14 = [t49.*th1.*x1.*(-1.419718053907249e+29),t49.*th1.*x1.*(-2.294729117104223e+27),x1.*(th14-th1.*(t46-t46.*t56).*2.569220064269693e-3)];
mt15 = [t49.*th1.*x1.*(-2.25413948406436e+27),t49.*th1.*x1.*(-4.427676321818034e+28),0.0,t42.*th1.*x1.*1.237937519906476e+29];
mt16 = [t5.*t42.*th1.*x1.*-1.237937519906476e+29,t42.*th1.*x1.*(-3.835698963056468e+29),t6.*t42.*th1.*x1.*-1.237937519906476e+29];
mt17 = [t42.*th1.*x1.*(-1.559373114992174e+29),t42.*th1.*x1.*(-2.520457411634653e+27),t42.*th1.*x1.*(-2.544427131564783e+27)];
mt18 = [t42.*th1.*x1.*(-2.475875050837335e+27),t42.*th1.*x1.*(-4.863218720878185e+28),0.0,t45.*th1.*x1.*1.212708220386022e+29];
mt19 = [t5.*t45.*th1.*x1.*-1.212708220386022e+29,t45.*th1.*x1.*(-3.757527006513333e+29),t6.*t45.*th1.*x1.*-1.212708220386022e+29];
mt20 = [t45.*th1.*x1.*(-1.52759292354499e+29),t45.*th1.*x1.*(-2.469090219071105e+27),t45.*th1.*x1.*(-2.492571433536448e+27)];
mt21 = [t45.*th1.*x1.*(-2.42541645157175e+27),t45.*th1.*x1.*(-4.764105801389501e+28),0.0,0.0,0.0,0.0,0.0,0.0,0.0,0.0,0.0,0.0,0.0];
dfdxSym = reshape([mt1,mt2,mt3,mt4,mt5,mt6,mt7,mt8,mt9,mt10,mt11,mt12,mt13,mt14,mt15,mt16,mt17,mt18,mt19,mt20,mt21],10,10);
