function dfdthSym = dfdth_model(t,in2,in3)
%DFDTH_MODEL
%    dfdthSym = DFDTH_MODEL(T,IN2,IN3)

%    This function was generated by the Symbolic Math Toolbox version 9.2.
%    31-May-2023 22:55:03

th1 = in3(1,:);
th3 = in3(3,:);
th4 = in3(4,:);
th5 = in3(5,:);
th6 = in3(6,:);
th7 = in3(7,:);
th8 = in3(8,:);
th10 = in3(9,:);
th16 = in3(14,:);
th18 = in3(15,:);
x1 = in2(1,:);
x2 = in2(2,:);
x3 = in2(3,:);
x4 = in2(4,:);
x5 = in2(5,:);
x6 = in2(6,:);
x7 = in2(7,:);
x8 = in2(8,:);
x9 = in2(9,:);
t2 = th16+x3;
t3 = th18+x5;
t4 = x1.*x2;
t5 = x1.*x3;
t6 = x1.*x4;
t7 = 1.0./th3;
t8 = 1.0./th4;
t9 = 1.0./th5;
t10 = 1.0./th6;
t11 = 1.0./th7;
t12 = 1.0./th8;
t13 = 1.0./th10;
t14 = x4+5.0e+1;
t23 = x2+4.99999999947016e+1;
t24 = x7+4.50453941032787e+1;
t25 = x8+9.1442624205459;
t26 = x6+1.43065139909203e+1;
t28 = x9+1.25906487716113e-1;
t15 = 1.0./t2;
t17 = 1.0./t3;
t19 = 1.0./t14;
t27 = 1.0./t23;
t29 = 1.0./t24;
t30 = 1.0./t25;
t32 = 1.0./t26;
t33 = 1.0./t28;
t16 = t15.^2;
t18 = t17.^2;
t20 = t15.*x3;
t21 = t17.*x5;
t22 = t19.*x4;
t31 = t27.*x2;
t34 = t29.*x7;
t35 = t30.*x8;
t36 = t32.*x6;
t37 = t33.*x9;
t38 = t20+t21+t22+t31+t34+t35+t36+t37;
mt1 = [x1.*(t20./8.0+t21./8.0+t22./8.0+t31./8.0+t34./8.0+t35./8.0+t36./8.0+t37./8.0),t7.*t38.*x1.*(-1.0./8.0),t8.*t38.*x1.*(-1.0./8.0),t9.*t38.*x1.*(-1.0./8.0),t10.*t38.*x1.*(-1.0./8.0),t11.*t38.*x1.*(-1.0./8.0),t12.*t38.*x1.*(-1.0./8.0),-x1.*(t20./4.0e+2+t21./4.0e+2+t22./4.0e+2+t31./4.0e+2+t34./4.0e+2+t35./4.0e+2+t36./4.0e+2+t37./4.0e+2),t13.*t38.*x1.*(-1.0./8.0),0.0,-x1,0.0,0.0,0.0,0.0,0.0,0.0,0.0,0.0,0.0,0.0];
mt2 = [(t7.^2.*t38.*th1.*x1)./8.0,0.0,0.0,0.0,0.0,0.0,0.0,0.0,0.0,0.0,0.0,(t8.^2.*t38.*th1.*x1)./8.0,0.0,0.0,0.0,0.0,0.0,0.0,0.0,0.0,0.0,0.0,(t9.^2.*t38.*th1.*x1)./8.0,0.0,0.0,0.0,0.0,0.0,0.0,0.0,0.0,0.0,0.0,(t10.^2.*t38.*th1.*x1)./8.0,0.0,0.0,0.0,0.0,0.0,0.0,0.0,0.0,0.0,0.0,(t11.^2.*t38.*th1.*x1)./8.0,0.0,0.0,0.0,0.0,0.0,0.0,0.0,0.0,0.0,0.0,(t12.^2.*t38.*th1.*x1)./8.0,0.0,0.0,0.0,0.0,0.0,0.0,0.0,0.0,0.0,0.0,0.0,(t13.^2.*t38.*th1.*x1)./8.0,0.0,0.0,-t4,0.0,0.0,t4,0.0,0.0,0.0,0.0,t4,0.0,0.0,-t5,0.0,t5,0.0,0.0,0.0,t5,0.0,0.0,0.0,0.0,-t6,t6,0.0,0.0,t6,0.0,0.0,0.0,0.0,0.0,0.0,-x1.*x5,x1.*x6,x1.*x7,0.0,0.0,0.0];
mt3 = [t5.*t16.*th1.*(-1.0./8.0),(t5.*t7.*t16.*th1)./8.0,(t5.*t8.*t16.*th1)./8.0,(t5.*t9.*t16.*th1)./8.0,(t5.*t10.*t16.*th1)./8.0,(t5.*t11.*t16.*th1)./8.0,(t5.*t12.*t16.*th1)./8.0,(t5.*t16.*th1)./4.0e+2,(t5.*t13.*t16.*th1)./8.0,0.0,t18.*th1.*x1.*x5.*(-1.0./8.0),(t7.*t18.*th1.*x1.*x5)./8.0,(t8.*t18.*th1.*x1.*x5)./8.0,(t9.*t18.*th1.*x1.*x5)./8.0,(t10.*t18.*th1.*x1.*x5)./8.0,(t11.*t18.*th1.*x1.*x5)./8.0,(t12.*t18.*th1.*x1.*x5)./8.0,(t18.*th1.*x1.*x5)./4.0e+2,(t13.*t18.*th1.*x1.*x5)./8.0,0.0];
dfdthSym = reshape([mt1,mt2,mt3],10,15);
