function dfdthSym = dfdth_model(t,in2,in3)
%DFDTH_MODEL
%    dfdthSym = DFDTH_MODEL(T,IN2,IN3)

%    This function was generated by the Symbolic Math Toolbox version 9.2.
%    31-May-2023 22:43:52

th1 = in3(1,:);
th3 = in3(3,:);
th4 = in3(4,:);
th5 = in3(5,:);
th6 = in3(6,:);
th7 = in3(7,:);
th8 = in3(8,:);
th10 = in3(9,:);
th15 = in3(14,:);
x1 = in2(1,:);
x2 = in2(2,:);
x3 = in2(3,:);
x4 = in2(4,:);
x5 = in2(5,:);
x6 = in2(6,:);
x7 = in2(7,:);
x8 = in2(8,:);
x9 = in2(9,:);
t2 = th15+x2;
t3 = x1.*x2;
t4 = x1.*x3;
t5 = x1.*x4;
t6 = 1.0./th3;
t7 = 1.0./th4;
t8 = 1.0./th5;
t9 = 1.0./th6;
t10 = 1.0./th7;
t11 = 1.0./th8;
t12 = 1.0./th10;
t16 = x8+3.7995870797099e+1;
t17 = x3+4.99999999906868e+1;
t18 = x6+2.19492689619356e+1;
t19 = x4+4.99999994988811e+1;
t20 = x9+1.86124538346878;
t21 = x7+1.66530861806818;
t22 = x5+3.84036420636605;
t13 = 1.0./t2;
t23 = 1.0./t17;
t24 = 1.0./t16;
t25 = 1.0./t18;
t26 = 1.0./t19;
t28 = 1.0./t22;
t30 = 1.0./t20;
t31 = 1.0./t21;
t14 = t13.^2;
t15 = t13.*x2;
t27 = t23.*x3;
t29 = t24.*x8;
t32 = t26.*x4;
t33 = t25.*x6;
t34 = t30.*x9;
t35 = t31.*x7;
t36 = t28.*x5;
t37 = t15+t27+t29+t32+t33+t34+t35+t36;
et1 = t15.*2.50000000046566e-3+t27.*2.50000000046566e-3+t29.*2.50000000046566e-3+t32.*2.50000000046566e-3+t33.*2.50000000046566e-3+t34.*2.50000000046566e-3;
et2 = t35.*2.50000000046566e-3+t36.*2.50000000046566e-3;
mt1 = [x1.*(t15./8.0+t27./8.0+t29./8.0+t32./8.0+t33./8.0+t34./8.0+t35./8.0+t36./8.0),t6.*t37.*x1.*(-1.0./8.0),t7.*t37.*x1.*(-1.0./8.0),t8.*t37.*x1.*(-1.0./8.0),t9.*t37.*x1.*(-1.0./8.0),t10.*t37.*x1.*(-1.0./8.0),t11.*t37.*x1.*(-1.0./8.0),-x1.*(et1+et2),t12.*t37.*x1.*(-1.0./8.0),0.0,-x1,0.0,0.0,0.0,0.0,0.0,0.0,0.0,0.0,0.0,0.0,(t6.^2.*t37.*th1.*x1)./8.0,0.0,0.0,0.0,0.0,0.0,0.0,0.0,0.0,0.0,0.0,(t7.^2.*t37.*th1.*x1)./8.0,0.0,0.0,0.0,0.0,0.0,0.0,0.0,0.0,0.0,0.0,(t8.^2.*t37.*th1.*x1)./8.0,0.0,0.0,0.0,0.0,0.0,0.0,0.0,0.0,0.0,0.0];
mt2 = [(t9.^2.*t37.*th1.*x1)./8.0,0.0,0.0,0.0,0.0,0.0,0.0,0.0,0.0,0.0,0.0,(t10.^2.*t37.*th1.*x1)./8.0,0.0,0.0,0.0,0.0,0.0,0.0,0.0,0.0,0.0,0.0,(t11.^2.*t37.*th1.*x1)./8.0,0.0,0.0,0.0,0.0,0.0,0.0,0.0,0.0,0.0,0.0,0.0,(t12.^2.*t37.*th1.*x1)./8.0,0.0,0.0,-t3,0.0,0.0,t3,0.0,0.0,0.0,0.0,t3,0.0,0.0,-t4,0.0,t4,0.0,0.0,0.0,t4,0.0,0.0,0.0,0.0,-t5,t5,0.0,0.0,t5,0.0,0.0,0.0,0.0,0.0,0.0,-x1.*x5,x1.*x6,x1.*x7,0.0,0.0,0.0,t3.*t14.*th1.*(-1.0./8.0),(t3.*t6.*t14.*th1)./8.0,(t3.*t7.*t14.*th1)./8.0,(t3.*t8.*t14.*th1)./8.0,(t3.*t9.*t14.*th1)./8.0,(t3.*t10.*t14.*th1)./8.0,(t3.*t11.*t14.*th1)./8.0];
mt3 = [t3.*t14.*th1.*2.50000000046566e-3,(t3.*t12.*t14.*th1)./8.0,0.0];
dfdthSym = reshape([mt1,mt2,mt3],10,14);
