function dfdxSym = dfdx_model(t,in2,in3)
%DFDX_MODEL
%    dfdxSym = DFDX_MODEL(T,IN2,IN3)

%    This function was generated by the Symbolic Math Toolbox version 9.2.
%    31-May-2023 22:43:51

th1 = in3(1,:);
th2 = in3(2,:);
th3 = in3(3,:);
th4 = in3(4,:);
th5 = in3(5,:);
th6 = in3(6,:);
th7 = in3(7,:);
th8 = in3(8,:);
th10 = in3(9,:);
th11 = in3(10,:);
th12 = in3(11,:);
th13 = in3(12,:);
th14 = in3(13,:);
th15 = in3(14,:);
x1 = in2(1,:);
x2 = in2(2,:);
x3 = in2(3,:);
x4 = in2(4,:);
x5 = in2(5,:);
x6 = in2(6,:);
x7 = in2(7,:);
x8 = in2(8,:);
x9 = in2(9,:);
t2 = th11.*x2;
t3 = th12.*x3;
t4 = th13.*x4;
t5 = th15+x2;
t6 = 1.0./th3;
t7 = 1.0./th4;
t8 = 1.0./th5;
t9 = 1.0./th6;
t10 = 1.0./th7;
t11 = 1.0./th8;
t12 = 1.0./th10;
t18 = x3.*3.5184372088832e+13;
t19 = x8.*3.5184372088832e+13;
t20 = x4.*1.40737488355328e+14;
t21 = x6.*7.0368744177664e+13;
t22 = x5.*2.251799813685248e+15;
t23 = x7.*4.503599627370496e+15;
t24 = x9.*2.251799813685248e+15;
t26 = x8+3.7995870797099e+1;
t29 = x3+4.99999999906868e+1;
t32 = x6+2.19492689619356e+1;
t33 = x4+4.99999994988811e+1;
t35 = x9+1.86124538346878;
t36 = x7+1.66530861806818;
t37 = x5+3.84036420636605;
t13 = 1.0./t5;
t27 = t18+1.759218604113921e+15;
t28 = t19+1.336860855964317e+15;
t30 = t21+1.544542492469187e+15;
t31 = t20+7.036874347240185e+15;
t34 = t22+8.647731404378567e+15;
t38 = t24+4.191152007717527e+15;
t39 = t23+7.499883271788731e+15;
t40 = 1.0./t29;
t42 = 1.0./t26;
t45 = 1.0./t32;
t46 = 1.0./t33;
t52 = 1.0./t37;
t57 = 1.0./t35;
t58 = 1.0./t36;
t14 = t13.^2;
t15 = t13.*x2;
t17 = -t13;
t41 = t40.^2;
t43 = 1.0./t27.^2;
t44 = 1.0./t28.^2;
t47 = t46.^2;
t48 = 1.0./t30.^2;
t49 = 1.0./t31.^2;
t50 = t40.*x3;
t53 = 1.0./t38.^2;
t54 = t42.*x8;
t55 = 1.0./t39.^2;
t56 = 1.0./t34.^2;
t59 = t46.*x4;
t61 = -t40;
t62 = t45.*x6;
t63 = -t46;
t64 = t57.*x9;
t65 = t58.*x7;
t66 = t52.*x5;
t16 = t14.*x2;
t51 = t41.*x3;
t60 = t47.*x4;
t69 = t15+t50+t54+t59+t62+t64+t65+t66;
t25 = t16+t17;
t67 = t51+t61;
t68 = t60+t63;
mt1 = [-th2+(t69.*th1)./8.0,-t2-(t6.*t69.*th1)./8.0,-t3-(t7.*t69.*th1)./8.0,-t4-(t8.*t69.*th1)./8.0,t2+t3+t4-th14.*x5-(t9.*t69.*th1)./8.0,th14.*x6-(t10.*t69.*th1)./8.0,th14.*x7-(t11.*t69.*th1)./8.0,t4-t69.*th1.*2.50000000046566e-3,t3-(t12.*t69.*th1)./8.0,t2,(t14.*th1.*th15.*x1)./8.0,-x1.*(th11+(t6.*th1.*(t13-t16))./8.0),t7.*t14.*th1.*th15.*x1.*(-1.0./8.0),t8.*t14.*th1.*th15.*x1.*(-1.0./8.0)];
mt2 = [x1.*(th11-(t9.*th1.*(t13-t16))./8.0),t10.*t14.*th1.*th15.*x1.*(-1.0./8.0),t11.*t14.*th1.*th15.*x1.*(-1.0./8.0),t14.*th1.*th15.*x1.*(-2.50000000046566e-3),t12.*t14.*th1.*th15.*x1.*(-1.0./8.0),th11.*x1,t43.*th1.*x1.*7.737125244092479e+27,t6.*t43.*th1.*x1.*-7.737125244092479e+27,-x1.*(th12+(t7.*th1.*(t40-t51))./8.0)];
mt3 = [t8.*t43.*th1.*x1.*-7.737125244092479e+27,x1.*(th12-(t9.*th1.*(t40-t51))./8.0),t10.*t43.*th1.*x1.*-7.737125244092479e+27,t11.*t43.*th1.*x1.*-7.737125244092479e+27,t43.*th1.*x1.*-1.547425049106725e+26,x1.*(th12-(t12.*th1.*(t40-t51))./8.0),0.0];
mt4 = [t49.*th1.*x1.*1.237940026878277e+29,t6.*t49.*th1.*x1.*-1.237940026878277e+29,t7.*t49.*th1.*x1.*-1.237940026878277e+29,-x1.*(th13+(t8.*th1.*(t46-t60))./8.0),x1.*(th13-(t9.*th1.*(t46-t60))./8.0),t10.*t49.*th1.*x1.*-1.237940026878277e+29];
mt5 = [t11.*t49.*th1.*x1.*-1.237940026878277e+29,x1.*(th13-th1.*(t46-t60).*2.50000000046566e-3),t12.*t49.*th1.*x1.*-1.237940026878277e+29,0.0,t56.*th1.*x1.*2.434119995647466e+30,t6.*t56.*th1.*x1.*-2.434119995647466e+30];
mt6 = [t7.*t56.*th1.*x1.*-2.434119995647466e+30,t8.*t56.*th1.*x1.*-2.434119995647466e+30,-x1.*(th14+(t9.*th1.*(t52-t52.*t66))./8.0),t10.*t56.*th1.*x1.*-2.434119995647466e+30,t11.*t56.*th1.*x1.*-2.434119995647466e+30];
mt7 = [t56.*th1.*x1.*(-4.868239992201709e+28),t12.*t56.*th1.*x1.*-2.434119995647466e+30,0.0,t48.*th1.*x1.*1.358593944051197e+28,t6.*t48.*th1.*x1.*-1.358593944051197e+28];
mt8 = [t7.*t48.*th1.*x1.*-1.358593944051197e+28,t8.*t48.*th1.*x1.*-1.358593944051197e+28,t9.*t48.*th1.*x1.*-1.358593944051197e+28,x1.*(th14-(t10.*th1.*(t45-t45.*t62))./8.0),t11.*t48.*th1.*x1.*-1.358593944051197e+28];
mt9 = [t48.*th1.*x1.*(-2.717187888608508e+26),t12.*t48.*th1.*x1.*-1.358593944051197e+28,0.0,t55.*th1.*x1.*4.222058938518743e+30,t6.*t55.*th1.*x1.*-4.222058938518743e+30];
mt10 = [t7.*t55.*th1.*x1.*-4.222058938518743e+30,t8.*t55.*th1.*x1.*-4.222058938518743e+30,t9.*t55.*th1.*x1.*-4.222058938518743e+30,t10.*t55.*th1.*x1.*-4.222058938518743e+30,x1.*(th14-(t11.*th1.*(t58-t58.*t65))./8.0)];
mt11 = [t55.*th1.*x1.*(-8.444117878610321e+28),t12.*t55.*th1.*x1.*-4.222058938518743e+30,0.0,t44.*th1.*x1.*5.879576223405371e+27,t6.*t44.*th1.*x1.*-5.879576223405371e+27];
mt12 = [t7.*t44.*th1.*x1.*-5.879576223405371e+27,t8.*t44.*th1.*x1.*-5.879576223405371e+27,t9.*t44.*th1.*x1.*-5.879576223405371e+27,t10.*t44.*th1.*x1.*-5.879576223405371e+27,t11.*t44.*th1.*x1.*-5.879576223405371e+27];
mt13 = [t44.*th1.*x1.*(-1.175915244900105e+26),t12.*t44.*th1.*x1.*-5.879576223405371e+27,0.0,t53.*th1.*x1.*1.17970441376311e+30,t6.*t53.*th1.*x1.*-1.17970441376311e+30];
mt14 = [t7.*t53.*th1.*x1.*-1.17970441376311e+30,t8.*t53.*th1.*x1.*-1.17970441376311e+30,t9.*t53.*th1.*x1.*-1.17970441376311e+30,t10.*t53.*th1.*x1.*-1.17970441376311e+30,t11.*t53.*th1.*x1.*-1.17970441376311e+30];
mt15 = [t53.*th1.*x1.*(-2.359408827965693e+28),t12.*t53.*th1.*x1.*-1.17970441376311e+30,0.0,0.0,0.0,0.0,0.0,0.0,0.0,0.0,0.0,0.0,0.0];
dfdxSym = reshape([mt1,mt2,mt3,mt4,mt5,mt6,mt7,mt8,mt9,mt10,mt11,mt12,mt13,mt14,mt15],10,10);
