function Xdot = model(t,in2,in3)
%MODEL
%    Xdot = MODEL(T,IN2,IN3)

%    This function was generated by the Symbolic Math Toolbox version 9.2.
%    31-May-2023 22:43:51

th1 = in3(1,:);
th2 = in3(2,:);
th3 = in3(3,:);
th4 = in3(4,:);
th5 = in3(5,:);
th6 = in3(6,:);
th7 = in3(7,:);
th8 = in3(8,:);
th10 = in3(9,:);
th11 = in3(10,:);
th12 = in3(11,:);
th13 = in3(12,:);
th14 = in3(13,:);
th15 = in3(14,:);
x1 = in2(1,:);
x2 = in2(2,:);
x3 = in2(3,:);
x4 = in2(4,:);
x5 = in2(5,:);
x6 = in2(6,:);
x7 = in2(7,:);
x8 = in2(8,:);
x9 = in2(9,:);
t2 = th11.*x2;
t3 = th12.*x3;
t4 = th13.*x4;
t5 = th15+x2;
t8 = x8+3.7995870797099e+1;
t9 = x3+4.99999999906868e+1;
t10 = x6+2.19492689619356e+1;
t11 = x4+4.99999994988811e+1;
t12 = x9+1.86124538346878;
t13 = x7+1.66530861806818;
t14 = x5+3.84036420636605;
t6 = 1.0./t5;
t15 = 1.0./t9;
t16 = 1.0./t8;
t17 = 1.0./t10;
t18 = 1.0./t11;
t20 = 1.0./t14;
t22 = 1.0./t12;
t23 = 1.0./t13;
t7 = t6.*x2;
t19 = t15.*x3;
t21 = t16.*x8;
t24 = t18.*x4;
t25 = t17.*x6;
t26 = t22.*x9;
t27 = t23.*x7;
t28 = t20.*x5;
t29 = t7+t19+t21+t24+t25+t26+t27+t28;
Xdot = [-x1.*(th2-(t29.*th1)./8.0);-x1.*(t2+(t29.*th1)./(th3.*8.0));-x1.*(t3+(t29.*th1)./(th4.*8.0));-x1.*(t4+(t29.*th1)./(th5.*8.0));x1.*(t2+t3+t4-th14.*x5-(t29.*th1)./(th6.*8.0));x1.*(th14.*x6-(t29.*th1)./(th7.*8.0));x1.*(th14.*x7-(t29.*th1)./(th8.*8.0));x1.*(t4-t29.*th1.*2.50000000046566e-3);x1.*(t3-(t29.*th1)./(th10.*8.0));t2.*x1];
