function x0Sym = x0_model(in1)
%X0_MODEL
%    x0Sym = X0_MODEL(IN1)

%    This function was generated by the Symbolic Math Toolbox version 9.2.
%    31-May-2023 22:43:52

mt1 = [1.321000001e-1;1.21978087601e+1;8.0000000001;4.4262529691;1.7572653171;1.0e-10;1.0e-10];
mt2 = [3.9443699221;1.0e-10;1.0e-10];
x0Sym = [mt1;mt2];
