function dfdthSym = dfdth_model(t,in2,in3)
%DFDTH_MODEL
%    dfdthSym = DFDTH_MODEL(T,IN2,IN3)

%    This function was generated by the Symbolic Math Toolbox version 9.2.
%    31-May-2023 22:23:12

th1 = in3(1,:);
th4 = in3(3,:);
th7 = in3(4,:);
th8 = in3(5,:);
x1 = in2(1,:);
x2 = in2(2,:);
x3 = in2(3,:);
x4 = in2(4,:);
x5 = in2(5,:);
x6 = in2(6,:);
x7 = in2(7,:);
x8 = in2(8,:);
x9 = in2(9,:);
t2 = x1.*x2;
t3 = x1.*x3;
t4 = x1.*x4;
t5 = x4+4.99989432222649e+1;
t6 = x7+2.09075062954877e+1;
t7 = x8+3.31058128076456e+1;
t8 = x3+4.96288289046932e+1;
t9 = x6+4.952428510331e+1;
t10 = x2+1.7925615324441e+1;
t11 = x5+5.68440571126361;
t12 = x9+6.18782139387954;
t13 = 1.0./t5;
t14 = 1.0./t10;
t15 = 1.0./t6;
t16 = 1.0./t7;
t17 = 1.0./t8;
t18 = 1.0./t9;
t19 = 1.0./t12;
t21 = 1.0./t11;
t20 = t13.*x4;
t22 = t14.*x2;
t23 = t15.*x7;
t24 = t16.*x8;
t25 = t17.*x3;
t26 = t18.*x6;
t27 = t19.*x9;
t28 = t21.*x5;
t29 = t20+t22+t23+t24+t25+t26+t27+t28;
et1 = t20.*3.537072170895668e-1+t22.*3.537072170895668e-1+t23.*3.537072170895668e-1+t24.*3.537072170895668e-1+t25.*3.537072170895668e-1;
et2 = t26.*3.537072170895668e-1+t27.*3.537072170895668e-1+t28.*3.537072170895668e-1;
et3 = t20.*2.990623840866718e-1+t22.*2.990623840866718e-1+t23.*2.990623840866718e-1+t24.*2.990623840866718e-1+t25.*2.990623840866718e-1;
et4 = t26.*2.990623840866718e-1+t27.*2.990623840866718e-1+t28.*2.990623840866718e-1;
et5 = t20.*2.50000001290012e-3+t22.*2.50000001290012e-3+t23.*2.50000001290012e-3+t24.*2.50000001290012e-3+t25.*2.50000001290012e-3+t26.*2.50000001290012e-3;
et6 = t27.*2.50000001290012e-3+t28.*2.50000001290012e-3;
et7 = t20.*7.822886901159097e-2+t22.*7.822886901159097e-2+t23.*7.822886901159097e-2+t24.*7.822886901159097e-2+t25.*7.822886901159097e-2;
et8 = t26.*7.822886901159097e-2+t27.*7.822886901159097e-2+t28.*7.822886901159097e-2;
mt1 = [x1.*(t20./8.0+t22./8.0+t23./8.0+t24./8.0+t25./8.0+t26./8.0+t27./8.0+t28./8.0),-x1.*(et1+et2),(t29.*x1.*(-1.0./8.0))./th4,-x1.*(t20./4.0e+2+t22./4.0e+2+t23./4.0e+2+t24./4.0e+2+t25./4.0e+2+t26./4.0e+2+t27./4.0e+2+t28./4.0e+2),-x1.*(et3+et4),(t29.*x1.*(-1.0./8.0))./th7,(t29.*x1.*(-1.0./8.0))./th8,-x1.*(et5+et6),-x1.*(et7+et8),0.0,-x1,0.0,0.0,0.0,0.0,0.0,0.0,0.0,0.0,0.0,0.0,0.0];
mt2 = [(t29.*th1.*1.0./th4.^2.*x1)./8.0,0.0,0.0,0.0,0.0,0.0,0.0,0.0,0.0,0.0,0.0,0.0,0.0,(t29.*th1.*1.0./th7.^2.*x1)./8.0,0.0,0.0,0.0,0.0,0.0,0.0,0.0,0.0,0.0,0.0,(t29.*th1.*1.0./th8.^2.*x1)./8.0,0.0,0.0,0.0,0.0,-t2,0.0,0.0,t2,0.0,0.0,0.0,0.0,t2,0.0,0.0,-t3,0.0,t3,0.0,0.0,0.0,t3,0.0,0.0,0.0,0.0,-t4,t4,0.0,0.0,t4,0.0,0.0,0.0,0.0,0.0,0.0,-x1.*x5,x1.*x6,x1.*x7,0.0,0.0,0.0];
dfdthSym = reshape([mt1,mt2],10,9);
