function dfdxSym = dfdx_model(t,in2,in3)
%DFDX_MODEL
%    dfdxSym = DFDX_MODEL(T,IN2,IN3)

%    This function was generated by the Symbolic Math Toolbox version 9.2.
%    31-May-2023 22:23:11

th1 = in3(1,:);
th2 = in3(2,:);
th4 = in3(3,:);
th7 = in3(4,:);
th8 = in3(5,:);
th11 = in3(6,:);
th12 = in3(7,:);
th13 = in3(8,:);
th14 = in3(9,:);
x1 = in2(1,:);
x2 = in2(2,:);
x3 = in2(3,:);
x4 = in2(4,:);
x5 = in2(5,:);
x6 = in2(6,:);
x7 = in2(7,:);
x8 = in2(8,:);
x9 = in2(9,:);
t2 = th11.*x2;
t3 = th12.*x3;
t4 = th13.*x4;
t5 = 1.0./th4;
t6 = 1.0./th7;
t7 = 1.0./th8;
t8 = x4.*3.5184372088832e+13;
t9 = x2.*2.81474976710656e+14;
t10 = x3.*1.40737488355328e+14;
t11 = x6.*1.40737488355328e+14;
t12 = x7.*1.40737488355328e+14;
t13 = x8.*1.40737488355328e+14;
t14 = x5.*5.62949953421312e+14;
t15 = x9.*5.62949953421312e+14;
t16 = x4+4.99989432222649e+1;
t18 = x7+2.09075062954877e+1;
t19 = x8+3.31058128076456e+1;
t20 = x3+4.96288289046932e+1;
t24 = x6+4.952428510331e+1;
t26 = x2+1.7925615324441e+1;
t28 = x5+5.68440571126361;
t31 = x9+6.18782139387954;
t17 = t8+1.759181422380553e+15;
t21 = t9+5.045612155971209e+15;
t22 = t12+2.942469923800147e+15;
t23 = t13+4.659228944509691e+15;
t25 = t10+6.984636730062825e+15;
t27 = t11+6.969923498033035e+15;
t29 = t15+3.483433765463885e+15;
t30 = t14+3.200035930383689e+15;
t32 = 1.0./t16;
t36 = 1.0./t26;
t39 = 1.0./t18;
t40 = 1.0./t19;
t41 = 1.0./t20;
t46 = 1.0./t24;
t48 = 1.0./t31;
t51 = 1.0./t28;
t33 = t32.^2;
t34 = 1.0./t17.^2;
t35 = 1.0./t25.^2;
t37 = t36.^2;
t38 = 1.0./t27.^2;
t42 = t41.^2;
t43 = 1.0./t21.^2;
t44 = 1.0./t22.^2;
t45 = 1.0./t23.^2;
t47 = 1.0./t30.^2;
t49 = t32.*x4;
t52 = 1.0./t29.^2;
t53 = t36.*x2;
t55 = t39.*x7;
t56 = t40.*x8;
t57 = t41.*x3;
t59 = t46.*x6;
t60 = -t32;
t61 = -t41;
t62 = t48.*x9;
t63 = t51.*x5;
t64 = -t36;
t50 = t33.*x4;
t54 = t37.*x2;
t58 = t42.*x3;
t68 = t49+t53+t55+t56+t57+t59+t62+t63;
t65 = t50+t60;
t66 = t54+t64;
t67 = t58+t61;
mt1 = [-th2+(t68.*th1)./8.0,-t2-t68.*th1.*3.537072170895668e-1,-t3-(t5.*t68.*th1)./8.0,-t4-(t68.*th1)./4.0e+2,t2+t3+t4-t68.*th1.*2.990623840866718e-1-th14.*x5,th14.*x6-(t6.*t68.*th1)./8.0,th14.*x7-(t7.*t68.*th1)./8.0,t4-t68.*th1.*2.50000001290012e-3];
mt2 = [t3-t68.*th1.*7.822886901159097e-2,t2,t43.*th1.*x1.*1.775266955116249e+29,-x1.*(th11+th1.*(t36-t54).*3.537072170895668e-1),t5.*t43.*th1.*x1.*-1.775266955116249e+29,t43.*th1.*x1.*(-3.550533910232497e+27)];
mt3 = [x1.*(th11-th1.*(t36-t54).*2.990623840866718e-1),t6.*t43.*th1.*x1.*-1.775266955116249e+29,t7.*t43.*th1.*x1.*-1.775266955116249e+29,t43.*th1.*x1.*(-3.550533928553423e+27)];
mt4 = [t43.*th1.*x1.*(-1.11101700873916e+29),th11.*x1,t35.*th1.*x1.*1.228750288079266e+29,t35.*th1.*x1.*(-3.476942759156167e+29),-x1.*(th12+(t5.*th1.*(t41-t58))./8.0)];
mt5 = [t35.*th1.*x1.*-2.457500576158533e+27,x1.*(th12-th1.*(t41-t58).*2.990623840866718e-1),t6.*t35.*th1.*x1.*-1.228750288079266e+29,t7.*t35.*th1.*x1.*-1.228750288079266e+29];
mt6 = [t35.*th1.*x1.*(-2.457500588839354e+27),x1.*(th12-th1.*(t41-t58).*7.822886901159097e-2),0.0,t34.*th1.*x1.*7.736961717099763e+27];
mt7 = [t34.*th1.*x1.*(-2.189295358147099e+28),t5.*t34.*th1.*x1.*-7.736961717099763e+27,-x1.*(th13+(th1.*(t32-t50))./4.0e+2),x1.*(th13-th1.*(t32-t50).*2.990623840866718e-1),t6.*t34.*th1.*x1.*-7.736961717099763e+27];
mt8 = [t7.*t34.*th1.*x1.*-7.736961717099763e+27,x1.*(th13-th1.*(t32-t50).*2.50000001290012e-3),t34.*th1.*x1.*(-4.842030117717531e+27),0.0,t47.*th1.*x1.*2.251825097445028e+29];
mt9 = [t47.*th1.*x1.*(-6.371894308717788e+29),t5.*t47.*th1.*x1.*-2.251825097445028e+29,t47.*th1.*x1.*(-4.503650194890056e+27),-x1.*(th14+th1.*(t51-t51.*t63).*2.990623840866718e-1)];
mt10 = [t6.*t47.*th1.*x1.*-2.251825097445028e+29,t7.*t47.*th1.*x1.*-2.251825097445028e+29,t47.*th1.*x1.*(-4.503650218129108e+27)];
mt11 = [t47.*th1.*x1.*(-1.409261844680321e+29),0.0,t38.*th1.*x1.*1.226161908927439e+29,t38.*th1.*x1.*(-3.469618532063643e+29)];
mt12 = [t5.*t38.*th1.*x1.*-1.226161908927439e+29,t38.*th1.*x1.*(-2.452323817854878e+27),t38.*th1.*x1.*(-2.933591230080835e+29),x1.*(th14-(t6.*th1.*(t46-t46.*t59))./8.0),t7.*t38.*th1.*x1.*-1.226161908927439e+29];
mt13 = [t38.*th1.*x1.*(-2.452323830508987e+27),t38.*th1.*x1.*(-7.673700748838958e+28),0.0,t44.*th1.*x1.*5.176447832959076e+28];
mt14 = [t44.*th1.*x1.*(-1.464757565924219e+29),t5.*t44.*th1.*x1.*-5.176447832959076e+28,t44.*th1.*x1.*(-1.035289566591815e+27)];
mt15 = [t44.*th1.*x1.*(-1.238464664020021e+29),t6.*t44.*th1.*x1.*-5.176447832959076e+28,x1.*(th14-(t7.*th1.*(t39-t39.*t55))./8.0),t44.*th1.*x1.*(-1.035289571933959e+27)];
mt16 = [t44.*th1.*x1.*(-3.239581275759116e+28),0.0,t45.*th1.*x1.*8.196602241534248e+28,t45.*th1.*x1.*(-2.319357894754547e+29)];
mt17 = [t5.*t45.*th1.*x1.*-8.196602241534248e+28,t45.*th1.*x1.*(-1.63932044830685e+27),t45.*th1.*x1.*(-1.961036326210712e+29),t6.*t45.*th1.*x1.*-8.196602241534248e+28];
mt18 = [t7.*t45.*th1.*x1.*-8.196602241534248e+28,t45.*th1.*x1.*(-1.639320456765822e+27),t45.*th1.*x1.*(-5.129687384744765e+28),0.0];
mt19 = [t52.*th1.*x1.*2.451248595017649e+29,t52.*th1.*x1.*(-6.936194551507227e+29),t5.*t52.*th1.*x1.*-2.451248595017649e+29,t52.*th1.*x1.*(-4.902497190035299e+27)];
mt20 = [t52.*th1.*x1.*(-5.864609990520662e+29),t6.*t52.*th1.*x1.*-2.451248595017649e+29,t7.*t52.*th1.*x1.*-2.451248595017649e+29];
mt21 = [t52.*th1.*x1.*(-4.90249721533242e+27),t52.*th1.*x1.*(-1.534067242035857e+29),0.0,0.0,0.0,0.0,0.0,0.0,0.0,0.0,0.0,0.0,0.0];
dfdxSym = reshape([mt1,mt2,mt3,mt4,mt5,mt6,mt7,mt8,mt9,mt10,mt11,mt12,mt13,mt14,mt15,mt16,mt17,mt18,mt19,mt20,mt21],10,10);
