function Xdot = model(t,in2,in3)
%MODEL
%    Xdot = MODEL(T,IN2,IN3)

%    This function was generated by the Symbolic Math Toolbox version 9.2.
%    31-May-2023 22:23:11

th1 = in3(1,:);
th2 = in3(2,:);
th4 = in3(3,:);
th7 = in3(4,:);
th8 = in3(5,:);
th11 = in3(6,:);
th12 = in3(7,:);
th13 = in3(8,:);
th14 = in3(9,:);
x1 = in2(1,:);
x2 = in2(2,:);
x3 = in2(3,:);
x4 = in2(4,:);
x5 = in2(5,:);
x6 = in2(6,:);
x7 = in2(7,:);
x8 = in2(8,:);
x9 = in2(9,:);
t2 = th11.*x2;
t3 = th12.*x3;
t4 = th13.*x4;
t5 = x4+4.99989432222649e+1;
t6 = x7+2.09075062954877e+1;
t7 = x8+3.31058128076456e+1;
t8 = x3+4.96288289046932e+1;
t9 = x6+4.952428510331e+1;
t10 = x2+1.7925615324441e+1;
t11 = x5+5.68440571126361;
t12 = x9+6.18782139387954;
t13 = 1.0./t5;
t14 = 1.0./t10;
t15 = 1.0./t6;
t16 = 1.0./t7;
t17 = 1.0./t8;
t18 = 1.0./t9;
t19 = 1.0./t12;
t21 = 1.0./t11;
t20 = t13.*x4;
t22 = t14.*x2;
t23 = t15.*x7;
t24 = t16.*x8;
t25 = t17.*x3;
t26 = t18.*x6;
t27 = t19.*x9;
t28 = t21.*x5;
t29 = t20+t22+t23+t24+t25+t26+t27+t28;
mt1 = [-x1.*(th2-(t29.*th1)./8.0);-x1.*(t2+t29.*th1.*3.537072170895668e-1);-x1.*(t3+(t29.*th1)./(th4.*8.0));-x1.*(t4+(t29.*th1)./4.0e+2);x1.*(t2+t3+t4-t29.*th1.*2.990623840866718e-1-th14.*x5);x1.*(th14.*x6-(t29.*th1)./(th7.*8.0));x1.*(th14.*x7-(t29.*th1)./(th8.*8.0))];
mt2 = [x1.*(t4-t29.*th1.*2.50000001290012e-3);x1.*(t3-t29.*th1.*7.822886901159097e-2);t2.*x1];
Xdot = [mt1;mt2];
