function dfdxSym = dfdx_model(t,in2,in3)
%DFDX_MODEL
%    dfdxSym = DFDX_MODEL(T,IN2,IN3)

%    This function was generated by the Symbolic Math Toolbox version 9.2.
%    31-May-2023 23:00:32

th1 = in3(1,:);
th2 = in3(2,:);
th7 = in3(3,:);
th8 = in3(4,:);
th11 = in3(5,:);
th12 = in3(6,:);
th13 = in3(7,:);
th14 = in3(8,:);
x1 = in2(1,:);
x2 = in2(2,:);
x3 = in2(3,:);
x4 = in2(4,:);
x5 = in2(5,:);
x6 = in2(6,:);
x7 = in2(7,:);
x8 = in2(8,:);
x9 = in2(9,:);
t2 = th11.*x2;
t3 = th12.*x3;
t4 = th13.*x4;
t5 = 1.0./th7;
t6 = 1.0./th8;
t7 = x4+5.0e+1;
t13 = x2.*3.5184372088832e+13;
t14 = x7.*1.40737488355328e+14;
t15 = x8.*7.0368744177664e+13;
t16 = x5.*1.125899906842624e+15;
t17 = x6.*5.62949953421312e+14;
t18 = x9.*9.007199254740992e+15;
t20 = x3.*1.441151880758559e+17;
t23 = x2+4.99999999947016e+1;
t24 = x7+4.50453941032787e+1;
t25 = x8+9.1442624205459;
t28 = x6+1.43065139909203e+1;
t29 = x5+1.22227769336829;
t36 = x9+1.25906487716113e-1;
t37 = x3+4.29682786241875e-2;
t8 = 1.0./t7;
t22 = t13+1.759218604255179e+15;
t26 = t14+6.339575628071347e+15;
t27 = t15+6.43470262964821e+14;
t30 = t17+8.053851384809931e+15;
t31 = t16+1.376162341099175e+15;
t32 = 1.0./t23;
t34 = t18+1.134064822323629e+15;
t40 = t20+6.192381555220559e+15;
t41 = 1.0./t24;
t42 = 1.0./t25;
t46 = 1.0./t28;
t47 = 1.0./t29;
t49 = 1.0./t36;
t54 = 1.0./t37;
t9 = t8.^2;
t10 = t8.*x4;
t12 = -t8;
t33 = t32.^2;
t35 = 1.0./t22.^2;
t38 = 1.0./t26.^2;
t39 = 1.0./t27.^2;
t43 = t32.*x2;
t45 = 1.0./t31.^2;
t48 = 1.0./t30.^2;
t50 = t41.*x7;
t51 = -t32;
t52 = 1.0./t34.^2;
t53 = t42.*x8;
t55 = t54.^2;
t56 = t46.*x6;
t57 = 1.0./t40.^2;
t58 = t47.*x5;
t59 = t49.*x9;
t60 = t54.*x3;
t62 = -t54;
t11 = t9.*x4;
t44 = t33.*x2;
t61 = t55.*x3;
t63 = t45.*th1.*x1.*3.873552629109721e+27;
t65 = t35.*th1.*x1.*1.547425048942748e+26;
t66 = t39.*th1.*x1.*1.132004858012642e+26;
t68 = t38.*th1.*x1.*2.230539877833531e+27;
t71 = t48.*th1.*x1.*1.13347881548523e+28;
t73 = t52.*th1.*x1.*2.553686955615342e+28;
t76 = t57.*th1.*x1.*2.231040581170179e+30;
t79 = t10+t43+t50+t53+t56+t58+t59+t60;
t19 = t11+t12;
t21 = th1.*(t8-t11).*(-1.0./4.0e+2);
t64 = -t63;
t67 = -t65;
t69 = -t66;
t70 = -t68;
t72 = -t71;
t74 = -t73;
t75 = t44+t51;
t77 = -t76;
t78 = t61+t62;
t80 = (t79.*th1)./4.0e+2;
t81 = -t80;
mt1 = [-th2+(t79.*th1)./8.0,-t2-t79.*th1.*2.325586119397209e-1,-t3-t79.*th1.*2.253136248371361e-1,-t4+t81,t2+t3+t4-t79.*th1.*2.546040381646925e-1-th14.*x5,th14.*x6-(t5.*t79.*th1)./8.0,th14.*x7-(t6.*t79.*th1)./8.0,t4+t81];
mt2 = [t3-t79.*th1.*3.075846366960301e-2,t2,t35.*th1.*x1.*7.737125244713738e+27,-x1.*(th11+th1.*(t32-t44).*2.325586119397209e-1),t35.*th1.*x1.*(-1.394623787764293e+28),t67];
mt3 = [x1.*(th11-th1.*(t32-t44).*2.546040381646925e-1),t5.*t35.*th1.*x1.*-7.737125244713738e+27,t6.*t35.*th1.*x1.*-7.737125244713738e+27,t67,t35.*th1.*x1.*(-1.903856685973566e+27),th11.*x1];
mt4 = [t57.*th1.*x1.*1.11552029058509e+32,t57.*th1.*x1.*(-2.0753908029525e+32),-x1.*(th12+th1.*(t54-t61).*2.253136248371361e-1),t77];
mt5 = [x1.*(th12-th1.*(t54-t61).*2.546040381646925e-1),t5.*t57.*th1.*x1.*-1.11552029058509e+32,t6.*t57.*th1.*x1.*-1.11552029058509e+32,t77,x1.*(th12-th1.*(t54-t61).*3.075846366960301e-2),0.0,t9.*th1.*x1.*(2.5e+1./4.0)];
mt6 = [t9.*th1.*x1.*(-1.162793059698604e+1),t9.*th1.*x1.*(-1.12656812418568e+1),-x1.*(th13+(th1.*(t8-t11))./4.0e+2),x1.*(th13-th1.*(t8-t11).*2.546040381646925e-1),t5.*t9.*th1.*x1.*(-2.5e+1./4.0),t6.*t9.*th1.*x1.*(-2.5e+1./4.0),x1.*(t21+th13)];
mt7 = [t9.*th1.*x1.*(-1.53792318348015),0.0,t45.*th1.*x1.*1.936776314554861e+29,t45.*th1.*x1.*(-3.603312090804853e+29)];
mt8 = [t45.*th1.*x1.*(-3.491056735448519e+29),t64,-x1.*(th14+th1.*(t47-t47.*t58).*2.546040381646925e-1),t5.*t45.*th1.*x1.*-1.936776314554861e+29,t6.*t45.*th1.*x1.*-1.936776314554861e+29,t64];
mt9 = [t45.*th1.*x1.*(-4.765781112590663e+28),0.0,t48.*th1.*x1.*5.66739407742615e+29,t48.*th1.*x1.*(-1.054401039969296e+30)];
mt10 = [t48.*th1.*x1.*(-1.021552882372322e+30),t72,t48.*th1.*x1.*(-1.154353134386688e+30),x1.*(th14-(t5.*th1.*(t46-t46.*t56))./8.0),t6.*t48.*th1.*x1.*-5.66739407742615e+29,t72];
mt11 = [t48.*th1.*x1.*(-1.394562678654684e+29),0.0,t38.*th1.*x1.*1.115269938916765e+29,t38.*th1.*x1.*(-2.074925031460642e+29)];
mt12 = [t38.*th1.*x1.*(-2.010284100873822e+29),t70,t38.*th1.*x1.*(-2.271617840735188e+29),t5.*t38.*th1.*x1.*-1.115269938916765e+29,x1.*(th14-(t6.*th1.*(t41-t41.*t50))./8.0),t70];
mt13 = [t38.*th1.*x1.*(-2.744319191837736e+28),0.0,t39.*th1.*x1.*5.660024290063209e+27,t39.*th1.*x1.*(-1.053029913953763e+28)];
mt14 = [t39.*th1.*x1.*(-1.020224471568303e+28),t69,t39.*th1.*x1.*(-1.152852032288272e+28),t5.*t39.*th1.*x1.*-5.660024290063209e+27];
mt15 = [t6.*t39.*th1.*x1.*-5.660024290063209e+27,t69,t39.*th1.*x1.*(-1.392749211959838e+27),0.0,t52.*th1.*x1.*1.276843477807671e+30];
mt16 = [t52.*th1.*x1.*(-2.375527574905902e+30),t52.*th1.*x1.*(-2.301521858676013e+30),t74];
mt17 = [t52.*th1.*x1.*(-2.600716044432664e+30),t5.*t52.*th1.*x1.*-1.276843477807671e+30,t6.*t52.*th1.*x1.*-1.276843477807671e+30,t74];
mt18 = [t52.*th1.*x1.*(-3.141899497913344e+29),0.0,0.0,0.0,0.0,0.0,0.0,0.0,0.0,0.0,0.0,0.0];
dfdxSym = reshape([mt1,mt2,mt3,mt4,mt5,mt6,mt7,mt8,mt9,mt10,mt11,mt12,mt13,mt14,mt15,mt16,mt17,mt18],10,10);
