function Xdot = model(t,in2,in3)
%MODEL
%    Xdot = MODEL(T,IN2,IN3)

%    This function was generated by the Symbolic Math Toolbox version 9.2.
%    31-May-2023 23:00:32

th1 = in3(1,:);
th2 = in3(2,:);
th7 = in3(3,:);
th8 = in3(4,:);
th11 = in3(5,:);
th12 = in3(6,:);
th13 = in3(7,:);
th14 = in3(8,:);
x1 = in2(1,:);
x2 = in2(2,:);
x3 = in2(3,:);
x4 = in2(4,:);
x5 = in2(5,:);
x6 = in2(6,:);
x7 = in2(7,:);
x8 = in2(8,:);
x9 = in2(9,:);
t2 = th11.*x2;
t3 = th12.*x3;
t4 = th13.*x4;
t5 = x4+5.0e+1;
t8 = x2+4.99999999947016e+1;
t9 = x7+4.50453941032787e+1;
t10 = x8+9.1442624205459;
t11 = x6+1.43065139909203e+1;
t12 = x5+1.22227769336829;
t14 = x9+1.25906487716113e-1;
t15 = x3+4.29682786241875e-2;
t6 = 1.0./t5;
t13 = 1.0./t8;
t16 = 1.0./t9;
t17 = 1.0./t10;
t19 = 1.0./t11;
t20 = 1.0./t12;
t21 = 1.0./t14;
t24 = 1.0./t15;
t7 = t6.*x4;
t18 = t13.*x2;
t22 = t16.*x7;
t23 = t17.*x8;
t25 = t19.*x6;
t26 = t20.*x5;
t27 = t21.*x9;
t28 = t24.*x3;
t29 = t7+t18+t22+t23+t25+t26+t27+t28;
t30 = (t29.*th1)./4.0e+2;
mt1 = [-x1.*(th2-(t29.*th1)./8.0);-x1.*(t2+t29.*th1.*2.325586119397209e-1);-x1.*(t3+t29.*th1.*2.253136248371361e-1);-x1.*(t4+t30);x1.*(t2+t3+t4-t29.*th1.*2.546040381646925e-1-th14.*x5);x1.*(th14.*x6-(t29.*th1)./(th7.*8.0));x1.*(th14.*x7-(t29.*th1)./(th8.*8.0));x1.*(t4-t30)];
mt2 = [x1.*(t3-t29.*th1.*3.075846366960301e-2);t2.*x1];
Xdot = [mt1;mt2];
