function x0Sym = x0_model(in1)
%X0_MODEL
%    x0Sym = X0_MODEL(IN1)

%    This function was generated by the Symbolic Math Toolbox version 9.2.
%    31-May-2023 23:00:33

mt1 = [1.397000001e-1;7.7704747171;8.0000000001;4.9587646421;1.3145040781;1.0e-10;1.0e-10];
mt2 = [4.7112653311;1.0e-10;1.0e-10];
x0Sym = [mt1;mt2];
