function dfdthSym = dfdth_model(t,in2,in3)
%DFDTH_MODEL
%    dfdthSym = DFDTH_MODEL(T,IN2,IN3)

%    This function was generated by the Symbolic Math Toolbox version 9.2.
%    31-May-2023 23:06:38

th1 = in3(1,:);
th3 = in3(3,:);
th4 = in3(4,:);
th5 = in3(5,:);
th7 = in3(6,:);
th8 = in3(7,:);
th18 = in3(12,:);
x1 = in2(1,:);
x2 = in2(2,:);
x3 = in2(3,:);
x4 = in2(4,:);
x5 = in2(5,:);
x6 = in2(6,:);
x7 = in2(7,:);
x8 = in2(8,:);
x9 = in2(9,:);
t2 = th18+x5;
t3 = x1.*x2;
t4 = x1.*x3;
t5 = x1.*x4;
t6 = 1.0./th3;
t7 = 1.0./th4;
t8 = 1.0./th5;
t9 = 1.0./th7;
t10 = 1.0./th8;
t11 = x2+5.0e+1;
t12 = x4+5.0e+1;
t20 = x6+4.14964190890544e+1;
t21 = x3+2.19491164389871e+1;
t22 = x7+4.55219841529752e+1;
t23 = x8+4.99998982430964e+1;
t24 = x9+4.89808949505372e+1;
t13 = 1.0./t2;
t15 = 1.0./t11;
t16 = 1.0./t12;
t25 = 1.0./t20;
t26 = 1.0./t24;
t27 = 1.0./t21;
t28 = 1.0./t22;
t29 = 1.0./t23;
t14 = t13.^2;
t17 = t13.*x5;
t18 = t15.*x2;
t19 = t16.*x4;
t30 = t25.*x6;
t31 = t26.*x9;
t32 = t27.*x3;
t33 = t28.*x7;
t34 = t29.*x8;
t35 = t17+t18+t19+t30+t31+t32+t33+t34;
et1 = t17.*1.574567667912253e-1+t18.*1.574567667912253e-1+t19.*1.574567667912253e-1+t30.*1.574567667912253e-1+t31.*1.574567667912253e-1;
et2 = t32.*1.574567667912253e-1+t33.*1.574567667912253e-1+t34.*1.574567667912253e-1;
et3 = t17.*2.500000011131805e-3+t18.*2.500000011131805e-3+t19.*2.500000011131805e-3+t30.*2.500000011131805e-3+t31.*2.500000011131805e-3+t32.*2.500000011131805e-3;
et4 = t33.*2.500000011131805e-3+t34.*2.500000011131805e-3;
et5 = t17.*4.91060599048407e-2+t18.*4.91060599048407e-2+t19.*4.91060599048407e-2+t30.*4.91060599048407e-2+t31.*4.91060599048407e-2+t32.*4.91060599048407e-2;
et6 = t33.*4.91060599048407e-2+t34.*4.91060599048407e-2;
mt1 = [x1.*(t17./8.0+t18./8.0+t19./8.0+t30./8.0+t31./8.0+t32./8.0+t33./8.0+t34./8.0),t6.*t35.*x1.*(-1.0./8.0),t7.*t35.*x1.*(-1.0./8.0),t8.*t35.*x1.*(-1.0./8.0),-x1.*(et1+et2),t9.*t35.*x1.*(-1.0./8.0),t10.*t35.*x1.*(-1.0./8.0),-x1.*(et3+et4),-x1.*(et5+et6),0.0,-x1,0.0,0.0,0.0,0.0,0.0,0.0,0.0,0.0,0.0,0.0,(t6.^2.*t35.*th1.*x1)./8.0,0.0,0.0,0.0,0.0,0.0,0.0,0.0,0.0,0.0,0.0,(t7.^2.*t35.*th1.*x1)./8.0,0.0,0.0,0.0,0.0,0.0,0.0,0.0,0.0,0.0,0.0,(t8.^2.*t35.*th1.*x1)./8.0,0.0,0.0,0.0,0.0,0.0,0.0,0.0,0.0,0.0,0.0,0.0];
mt2 = [(t9.^2.*t35.*th1.*x1)./8.0,0.0,0.0,0.0,0.0,0.0,0.0,0.0,0.0,0.0,0.0,(t10.^2.*t35.*th1.*x1)./8.0,0.0,0.0,0.0,0.0,-t3,0.0,0.0,t3,0.0,0.0,0.0,0.0,t3,0.0,0.0,-t4,0.0,t4,0.0,0.0,0.0,t4,0.0,0.0,0.0,0.0,-t5,t5,0.0,0.0,t5,0.0,0.0,0.0,0.0,0.0,0.0,-x1.*x5,x1.*x6,x1.*x7,0.0,0.0,0.0,t14.*th1.*x1.*x5.*(-1.0./8.0),(t6.*t14.*th1.*x1.*x5)./8.0,(t7.*t14.*th1.*x1.*x5)./8.0,(t8.*t14.*th1.*x1.*x5)./8.0,t14.*th1.*x1.*x5.*1.574567667912253e-1,(t9.*t14.*th1.*x1.*x5)./8.0,(t10.*t14.*th1.*x1.*x5)./8.0];
mt3 = [t14.*th1.*x1.*x5.*2.500000011131805e-3,t14.*th1.*x1.*x5.*4.91060599048407e-2,0.0];
dfdthSym = reshape([mt1,mt2,mt3],10,12);
