function dfdxSym = dfdx_model(t,in2,in3)
%DFDX_MODEL
%    dfdxSym = DFDX_MODEL(T,IN2,IN3)

%    This function was generated by the Symbolic Math Toolbox version 9.2.
%    31-May-2023 23:06:37

th1 = in3(1,:);
th2 = in3(2,:);
th3 = in3(3,:);
th4 = in3(4,:);
th5 = in3(5,:);
th7 = in3(6,:);
th8 = in3(7,:);
th11 = in3(8,:);
th12 = in3(9,:);
th13 = in3(10,:);
th14 = in3(11,:);
th18 = in3(12,:);
x1 = in2(1,:);
x2 = in2(2,:);
x3 = in2(3,:);
x4 = in2(4,:);
x5 = in2(5,:);
x6 = in2(6,:);
x7 = in2(7,:);
x8 = in2(8,:);
x9 = in2(9,:);
t2 = th11.*x2;
t3 = th12.*x3;
t4 = th13.*x4;
t5 = th18+x5;
t6 = 1.0./th3;
t7 = 1.0./th4;
t8 = 1.0./th5;
t9 = 1.0./th7;
t10 = 1.0./th8;
t11 = x2+5.0e+1;
t12 = x4+5.0e+1;
t26 = x6.*3.5184372088832e+13;
t27 = x3.*2.81474976710656e+14;
t28 = x7.*1.40737488355328e+14;
t29 = x8.*1.40737488355328e+14;
t30 = x9.*1.40737488355328e+14;
t33 = x6+4.14964190890544e+1;
t35 = x3+2.19491164389871e+1;
t37 = x7+4.55219841529752e+1;
t38 = x8+4.99998982430964e+1;
t41 = x9+4.89808949505372e+1;
t13 = 1.0./t5;
t15 = 1.0./t11;
t17 = 1.0./t12;
t34 = t26+1.460025449583401e+15;
t36 = t30+6.893448132734773e+15;
t39 = t27+6.178127038483371e+15;
t40 = t28+6.406649714640773e+15;
t42 = t29+7.036860096755365e+15;
t44 = 1.0./t33;
t45 = 1.0./t41;
t47 = 1.0./t35;
t50 = 1.0./t37;
t51 = 1.0./t38;
t14 = t13.^2;
t16 = t15.^2;
t18 = t17.^2;
t19 = t13.*x5;
t20 = t15.*x2;
t22 = t17.*x4;
t24 = -t15;
t25 = -t17;
t43 = 1.0./t34.^2;
t46 = 1.0./t42.^2;
t48 = t47.^2;
t49 = 1.0./t36.^2;
t52 = 1.0./t39.^2;
t53 = 1.0./t40.^2;
t54 = t44.*x6;
t55 = t45.*x9;
t56 = t47.*x3;
t58 = t50.*x7;
t59 = t51.*x8;
t60 = -t47;
t21 = t16.*x2;
t23 = t18.*x4;
t57 = t48.*x3;
t62 = t19+t20+t22+t54+t55+t56+t58+t59;
t31 = t21+t24;
t32 = t23+t25;
t61 = t57+t60;
mt1 = [-th2+(t62.*th1)./8.0,-t2-(t6.*t62.*th1)./8.0,-t3-(t7.*t62.*th1)./8.0,-t4-(t8.*t62.*th1)./8.0,t2+t3+t4-t62.*th1.*1.574567667912253e-1-th14.*x5,th14.*x6-(t9.*t62.*th1)./8.0,th14.*x7-(t10.*t62.*th1)./8.0,t4-t62.*th1.*2.500000011131805e-3,t3-t62.*th1.*4.91060599048407e-2,t2];
mt2 = [t16.*th1.*x1.*(2.5e+1./4.0),-x1.*(th11+(t6.*th1.*(t15-t21))./8.0),t7.*t16.*th1.*x1.*(-2.5e+1./4.0),t8.*t16.*th1.*x1.*(-2.5e+1./4.0),x1.*(th11-th1.*(t15-t21).*1.574567667912253e-1),t9.*t16.*th1.*x1.*(-2.5e+1./4.0),t10.*t16.*th1.*x1.*(-2.5e+1./4.0),t16.*th1.*x1.*(-1.250000005565903e-1),t16.*th1.*x1.*(-2.455302995242035),th11.*x1];
mt3 = [t52.*th1.*x1.*2.173735205340726e+29,t6.*t52.*th1.*x1.*-2.173735205340726e+29,-x1.*(th12+(t7.*th1.*(t47-t57))./8.0),t8.*t52.*th1.*x1.*-2.173735205340726e+29,x1.*(th12-th1.*(t47-t57).*1.574567667912253e-1)];
mt4 = [t9.*t52.*th1.*x1.*-2.173735205340726e+29,t10.*t52.*th1.*x1.*-2.173735205340726e+29,t52.*th1.*x1.*(-4.34747043003953e+27),x1.*(th12-th1.*(t47-t57).*4.91060599048407e-2),0.0,t18.*th1.*x1.*(2.5e+1./4.0),t6.*t18.*th1.*x1.*(-2.5e+1./4.0)];
mt5 = [t7.*t18.*th1.*x1.*(-2.5e+1./4.0),-x1.*(th13+(t8.*th1.*(t17-t23))./8.0),x1.*(th13-th1.*(t17-t23).*1.574567667912253e-1),t9.*t18.*th1.*x1.*(-2.5e+1./4.0),t10.*t18.*th1.*x1.*(-2.5e+1./4.0),x1.*(th13-th1.*(t17-t23).*2.500000011131805e-3),t18.*th1.*x1.*(-2.455302995242035),0.0,(t14.*th1.*th18.*x1)./8.0,t6.*t14.*th1.*th18.*x1.*(-1.0./8.0)];
mt6 = [t7.*t14.*th1.*th18.*x1.*(-1.0./8.0),t8.*t14.*th1.*th18.*x1.*(-1.0./8.0),-x1.*(th14+th1.*(t13-t14.*x5).*1.574567667912253e-1),t9.*t14.*th1.*th18.*x1.*(-1.0./8.0),t10.*t14.*th1.*th18.*x1.*(-1.0./8.0),t14.*th1.*th18.*x1.*(-2.500000011131805e-3),t14.*th1.*th18.*x1.*(-4.91060599048407e-2),0.0,t43.*th1.*x1.*6.421259834663326e+27];
mt7 = [t6.*t43.*th1.*x1.*-6.421259834663326e+27,t7.*t43.*th1.*x1.*-6.421259834663326e+27,t8.*t43.*th1.*x1.*-6.421259834663326e+27,t43.*th1.*x1.*(-8.088566498339561e+27),x1.*(th14-(t9.*th1.*(t44-t44.*t54))./8.0)];
mt8 = [t10.*t43.*th1.*x1.*-6.421259834663326e+27,t43.*th1.*x1.*(-1.284251972651082e+26),t43.*th1.*x1.*(-2.522582160844198e+27),0.0,t53.*th1.*x1.*1.127069737013652e+29];
mt9 = [t6.*t53.*th1.*x1.*-1.127069737013652e+29,t7.*t53.*th1.*x1.*-1.127069737013652e+29,t8.*t53.*th1.*x1.*-1.127069737013652e+29,t53.*th1.*x1.*(-1.419718053907249e+29)];
mt10 = [t9.*t53.*th1.*x1.*-1.127069737013652e+29,x1.*(th14-(t10.*th1.*(t50-t50.*t58))./8.0),t53.*th1.*x1.*(-2.25413948406436e+27),t53.*th1.*x1.*(-4.427676321818034e+28),0.0];
mt11 = [t46.*th1.*x1.*1.237937519906476e+29,t6.*t46.*th1.*x1.*-1.237937519906476e+29,t7.*t46.*th1.*x1.*-1.237937519906476e+29,t8.*t46.*th1.*x1.*-1.237937519906476e+29];
mt12 = [t46.*th1.*x1.*(-1.559373114992174e+29),t9.*t46.*th1.*x1.*-1.237937519906476e+29,t10.*t46.*th1.*x1.*-1.237937519906476e+29];
mt13 = [t46.*th1.*x1.*(-2.475875050837335e+27),t46.*th1.*x1.*(-4.863218720878185e+28),0.0,t49.*th1.*x1.*1.212708220386022e+29];
mt14 = [t6.*t49.*th1.*x1.*-1.212708220386022e+29,t7.*t49.*th1.*x1.*-1.212708220386022e+29,t8.*t49.*th1.*x1.*-1.212708220386022e+29,t49.*th1.*x1.*(-1.52759292354499e+29)];
mt15 = [t9.*t49.*th1.*x1.*-1.212708220386022e+29,t10.*t49.*th1.*x1.*-1.212708220386022e+29,t49.*th1.*x1.*(-2.42541645157175e+27)];
mt16 = [t49.*th1.*x1.*(-4.764105801389501e+28),0.0,0.0,0.0,0.0,0.0,0.0,0.0,0.0,0.0,0.0,0.0];
dfdxSym = reshape([mt1,mt2,mt3,mt4,mt5,mt6,mt7,mt8,mt9,mt10,mt11,mt12,mt13,mt14,mt15,mt16],10,10);
