function dfdxSym = dfdx_model(t,in2,in3)
%DFDX_MODEL
%    dfdxSym = DFDX_MODEL(T,IN2,IN3)

%    This function was generated by the Symbolic Math Toolbox version 9.2.
%    31-May-2023 22:19:46

th1 = in3(1,:);
th2 = in3(2,:);
th3 = in3(3,:);
th4 = in3(4,:);
th5 = in3(5,:);
th6 = in3(6,:);
th7 = in3(7,:);
th8 = in3(8,:);
th10 = in3(9,:);
th11 = in3(10,:);
th12 = in3(11,:);
th13 = in3(12,:);
th14 = in3(13,:);
th18 = in3(14,:);
x1 = in2(1,:);
x2 = in2(2,:);
x3 = in2(3,:);
x4 = in2(4,:);
x5 = in2(5,:);
x6 = in2(6,:);
x7 = in2(7,:);
x8 = in2(8,:);
x9 = in2(9,:);
t2 = th11.*x2;
t3 = th12.*x3;
t4 = th13.*x4;
t5 = th18+x5;
t6 = 1.0./th3;
t7 = 1.0./th4;
t8 = 1.0./th5;
t9 = 1.0./th6;
t10 = 1.0./th7;
t11 = 1.0./th8;
t12 = 1.0./th10;
t16 = x4.*3.5184372088832e+13;
t17 = x2.*2.81474976710656e+14;
t18 = x3.*1.40737488355328e+14;
t19 = x6.*1.40737488355328e+14;
t20 = x7.*1.40737488355328e+14;
t21 = x8.*1.40737488355328e+14;
t22 = x9.*5.62949953421312e+14;
t23 = x4+4.99989432222649e+1;
t25 = x7+2.09075062954877e+1;
t26 = x8+3.31058128076456e+1;
t27 = x3+4.96288289046932e+1;
t31 = x6+4.952428510331e+1;
t33 = x2+1.7925615324441e+1;
t36 = x9+6.18782139387954;
t13 = 1.0./t5;
t24 = t16+1.759181422380553e+15;
t28 = t17+5.045612155971209e+15;
t29 = t20+2.942469923800147e+15;
t30 = t21+4.659228944509691e+15;
t32 = t18+6.984636730062825e+15;
t34 = t19+6.969923498033035e+15;
t35 = t22+3.483433765463885e+15;
t37 = 1.0./t23;
t41 = 1.0./t33;
t44 = 1.0./t25;
t45 = 1.0./t26;
t46 = 1.0./t27;
t51 = 1.0./t31;
t52 = 1.0./t36;
t14 = t13.^2;
t15 = t13.*x5;
t38 = t37.^2;
t39 = 1.0./t24.^2;
t40 = 1.0./t32.^2;
t42 = t41.^2;
t43 = 1.0./t34.^2;
t47 = t46.^2;
t48 = 1.0./t28.^2;
t49 = 1.0./t29.^2;
t50 = 1.0./t30.^2;
t53 = t37.*x4;
t55 = 1.0./t35.^2;
t56 = t41.*x2;
t58 = t44.*x7;
t59 = t45.*x8;
t60 = t46.*x3;
t62 = t51.*x6;
t63 = -t37;
t64 = -t46;
t65 = t52.*x9;
t66 = -t41;
t54 = t38.*x4;
t57 = t42.*x2;
t61 = t47.*x3;
t70 = t15+t53+t56+t58+t59+t60+t62+t65;
t67 = t54+t63;
t68 = t57+t66;
t69 = t61+t64;
mt1 = [-th2+(t70.*th1)./8.0,-t2-(t6.*t70.*th1)./8.0,-t3-(t7.*t70.*th1)./8.0,-t4-(t8.*t70.*th1)./8.0,t2+t3+t4-th14.*x5-(t9.*t70.*th1)./8.0,th14.*x6-(t10.*t70.*th1)./8.0,th14.*x7-(t11.*t70.*th1)./8.0,t4-t70.*th1.*2.50000001290012e-3,t3-(t12.*t70.*th1)./8.0,t2,t48.*th1.*x1.*1.775266955116249e+29,-x1.*(th11+(t6.*th1.*(t41-t57))./8.0)];
mt2 = [t7.*t48.*th1.*x1.*-1.775266955116249e+29,t8.*t48.*th1.*x1.*-1.775266955116249e+29,x1.*(th11-(t9.*th1.*(t41-t57))./8.0),t10.*t48.*th1.*x1.*-1.775266955116249e+29,t11.*t48.*th1.*x1.*-1.775266955116249e+29];
mt3 = [t48.*th1.*x1.*(-3.550533928553423e+27),t12.*t48.*th1.*x1.*-1.775266955116249e+29,th11.*x1,t40.*th1.*x1.*1.228750288079266e+29,t6.*t40.*th1.*x1.*-1.228750288079266e+29,-x1.*(th12+(t7.*th1.*(t46-t61))./8.0)];
mt4 = [t8.*t40.*th1.*x1.*-1.228750288079266e+29,x1.*(th12-(t9.*th1.*(t46-t61))./8.0),t10.*t40.*th1.*x1.*-1.228750288079266e+29,t11.*t40.*th1.*x1.*-1.228750288079266e+29,t40.*th1.*x1.*(-2.457500588839354e+27)];
mt5 = [x1.*(th12-(t12.*th1.*(t46-t61))./8.0),0.0,t39.*th1.*x1.*7.736961717099763e+27,t6.*t39.*th1.*x1.*-7.736961717099763e+27,t7.*t39.*th1.*x1.*-7.736961717099763e+27,-x1.*(th13+(t8.*th1.*(t37-t54))./8.0),x1.*(th13-(t9.*th1.*(t37-t54))./8.0),t10.*t39.*th1.*x1.*-7.736961717099763e+27];
mt6 = [t11.*t39.*th1.*x1.*-7.736961717099763e+27,x1.*(th13-th1.*(t37-t54).*2.50000001290012e-3),t12.*t39.*th1.*x1.*-7.736961717099763e+27,0.0,(t14.*th1.*th18.*x1)./8.0,t6.*t14.*th1.*th18.*x1.*(-1.0./8.0),t7.*t14.*th1.*th18.*x1.*(-1.0./8.0),t8.*t14.*th1.*th18.*x1.*(-1.0./8.0),-x1.*(th14+(t9.*th1.*(t13-t14.*x5))./8.0),t10.*t14.*th1.*th18.*x1.*(-1.0./8.0),t11.*t14.*th1.*th18.*x1.*(-1.0./8.0)];
mt7 = [t14.*th1.*th18.*x1.*(-2.50000001290012e-3),t12.*t14.*th1.*th18.*x1.*(-1.0./8.0),0.0,t43.*th1.*x1.*1.226161908927439e+29,t6.*t43.*th1.*x1.*-1.226161908927439e+29,t7.*t43.*th1.*x1.*-1.226161908927439e+29,t8.*t43.*th1.*x1.*-1.226161908927439e+29];
mt8 = [t9.*t43.*th1.*x1.*-1.226161908927439e+29,x1.*(th14-(t10.*th1.*(t51-t51.*t62))./8.0),t11.*t43.*th1.*x1.*-1.226161908927439e+29,t43.*th1.*x1.*(-2.452323830508987e+27),t12.*t43.*th1.*x1.*-1.226161908927439e+29,0.0];
mt9 = [t49.*th1.*x1.*5.176447832959076e+28,t6.*t49.*th1.*x1.*-5.176447832959076e+28,t7.*t49.*th1.*x1.*-5.176447832959076e+28,t8.*t49.*th1.*x1.*-5.176447832959076e+28,t9.*t49.*th1.*x1.*-5.176447832959076e+28];
mt10 = [t10.*t49.*th1.*x1.*-5.176447832959076e+28,x1.*(th14-(t11.*th1.*(t44-t44.*t58))./8.0),t49.*th1.*x1.*(-1.035289571933959e+27),t12.*t49.*th1.*x1.*-5.176447832959076e+28,0.0,t50.*th1.*x1.*8.196602241534248e+28];
mt11 = [t6.*t50.*th1.*x1.*-8.196602241534248e+28,t7.*t50.*th1.*x1.*-8.196602241534248e+28,t8.*t50.*th1.*x1.*-8.196602241534248e+28,t9.*t50.*th1.*x1.*-8.196602241534248e+28,t10.*t50.*th1.*x1.*-8.196602241534248e+28];
mt12 = [t11.*t50.*th1.*x1.*-8.196602241534248e+28,t50.*th1.*x1.*(-1.639320456765822e+27),t12.*t50.*th1.*x1.*-8.196602241534248e+28,0.0,t55.*th1.*x1.*2.451248595017649e+29];
mt13 = [t6.*t55.*th1.*x1.*-2.451248595017649e+29,t7.*t55.*th1.*x1.*-2.451248595017649e+29,t8.*t55.*th1.*x1.*-2.451248595017649e+29,t9.*t55.*th1.*x1.*-2.451248595017649e+29,t10.*t55.*th1.*x1.*-2.451248595017649e+29];
mt14 = [t11.*t55.*th1.*x1.*-2.451248595017649e+29,t55.*th1.*x1.*(-4.90249721533242e+27),t12.*t55.*th1.*x1.*-2.451248595017649e+29,0.0,0.0,0.0,0.0,0.0,0.0,0.0,0.0,0.0,0.0,0.0];
dfdxSym = reshape([mt1,mt2,mt3,mt4,mt5,mt6,mt7,mt8,mt9,mt10,mt11,mt12,mt13,mt14],10,10);
