function dfdthSym = dfdth_model(t,in2,in3)
%DFDTH_MODEL
%    dfdthSym = DFDTH_MODEL(T,IN2,IN3)

%    This function was generated by the Symbolic Math Toolbox version 9.2.
%    31-May-2023 21:23:11

th1 = in3(1,:);
th3 = in3(3,:);
th4 = in3(4,:);
th6 = in3(5,:);
th7 = in3(6,:);
th8 = in3(7,:);
x1 = in2(1,:);
x2 = in2(2,:);
x3 = in2(3,:);
x4 = in2(4,:);
x5 = in2(5,:);
x6 = in2(6,:);
x7 = in2(7,:);
x8 = in2(8,:);
x9 = in2(9,:);
t2 = x1.*x3;
t3 = x1.*x4;
t4 = x2+5.0e+1;
t5 = x4+5.0e+1;
t6 = x8+5.0e+1;
t16 = x9+1.16185559907235;
t17 = x6+1.20089248843775e+1;
t18 = x7+1.86021006236492e+1;
t19 = x5+1.41124995168232;
t25 = x3+2.63462005905101e-3;
t7 = 1.0./t4;
t8 = 1.0./t5;
t9 = 1.0./t6;
t20 = 1.0./t16;
t21 = 1.0./t17;
t22 = 1.0./t18;
t23 = 1.0./t19;
t29 = 1.0./t25;
t10 = t7.*x2;
t11 = t8.*x4;
t12 = t9.*x8;
t24 = t20.*x9;
t26 = t21.*x6;
t27 = t22.*x7;
t28 = t23.*x5;
t31 = t29.*x3;
t13 = t10./4.0e+2;
t14 = t11./4.0e+2;
t15 = t12./4.0e+2;
t30 = t24./4.0e+2;
t32 = t26./4.0e+2;
t33 = t27./4.0e+2;
t34 = t28./4.0e+2;
t35 = t31./4.0e+2;
t36 = t10+t11+t12+t24+t26+t27+t28+t31;
t37 = t13+t14+t15+t30+t32+t33+t34+t35;
t38 = t37.*x1;
t39 = -t38;
et1 = t10.*2.501230076257898e-3+t11.*2.501230076257898e-3+t12.*2.501230076257898e-3+t24.*2.501230076257898e-3+t26.*2.501230076257898e-3+t27.*2.501230076257898e-3;
et2 = t28.*2.501230076257898e-3+t31.*2.501230076257898e-3;
mt1 = [x1.*(t10./8.0+t11./8.0+t12./8.0+t24./8.0+t26./8.0+t27./8.0+t28./8.0+t31./8.0),(t36.*x1.*(-1.0./8.0))./th3,(t36.*x1.*(-1.0./8.0))./th4,t39,(t36.*x1.*(-1.0./8.0))./th6,(t36.*x1.*(-1.0./8.0))./th7,(t36.*x1.*(-1.0./8.0))./th8,-x1.*(et1+et2),t39,0.0,-x1,0.0,0.0,0.0,0.0,0.0,0.0,0.0,0.0,0.0,0.0,(t36.*th1.*1.0./th3.^2.*x1)./8.0,0.0,0.0,0.0,0.0,0.0,0.0,0.0,0.0,0.0,0.0,(t36.*th1.*1.0./th4.^2.*x1)./8.0,0.0,0.0,0.0,0.0,0.0,0.0,0.0,0.0,0.0,0.0,0.0,(t36.*th1.*1.0./th6.^2.*x1)./8.0,0.0,0.0,0.0,0.0,0.0,0.0,0.0,0.0];
mt2 = [0.0,0.0,(t36.*th1.*1.0./th7.^2.*x1)./8.0,0.0,0.0,0.0,0.0,0.0,0.0,0.0,0.0,0.0,0.0,(t36.*th1.*1.0./th8.^2.*x1)./8.0,0.0,0.0,0.0,0.0,0.0,-t2,0.0,t2,0.0,0.0,0.0,t2,0.0,0.0,0.0,0.0,-t3,t3,0.0,0.0,t3,0.0,0.0,0.0,0.0,0.0,0.0,-x1.*x5,x1.*x6,x1.*x7,0.0,0.0,0.0];
dfdthSym = reshape([mt1,mt2],10,10);
