function dfdxSym = dfdx_model(t,in2,in3)
%DFDX_MODEL
%    dfdxSym = DFDX_MODEL(T,IN2,IN3)

%    This function was generated by the Symbolic Math Toolbox version 9.2.
%    31-May-2023 21:23:10

th1 = in3(1,:);
th2 = in3(2,:);
th3 = in3(3,:);
th4 = in3(4,:);
th6 = in3(5,:);
th7 = in3(6,:);
th8 = in3(7,:);
th12 = in3(8,:);
th13 = in3(9,:);
th14 = in3(10,:);
x1 = in2(1,:);
x2 = in2(2,:);
x3 = in2(3,:);
x4 = in2(4,:);
x5 = in2(5,:);
x6 = in2(6,:);
x7 = in2(7,:);
x8 = in2(8,:);
x9 = in2(9,:);
t2 = th12.*x3;
t3 = th13.*x4;
t4 = 1.0./th3;
t5 = 1.0./th4;
t6 = 1.0./th6;
t7 = 1.0./th7;
t8 = 1.0./th8;
t9 = x2+5.0e+1;
t10 = x4+5.0e+1;
t11 = x8+5.0e+1;
t23 = x2./1.0e+4;
t30 = x6.*1.40737488355328e+14;
t31 = x7.*1.40737488355328e+14;
t32 = x9.*2.81474976710656e+14;
t33 = x5.*4.503599627370496e+15;
t36 = x3.*2.305843009213694e+18;
t37 = x9+1.16185559907235;
t39 = x6+1.20089248843775e+1;
t40 = x7+1.86021006236492e+1;
t44 = x5+1.41124995168232;
t55 = x3+2.63462005905101e-3;
t12 = 1.0./t9;
t14 = 1.0./t10;
t16 = 1.0./t11;
t38 = t32+3.27033277690035e+14;
t41 = t30+1.690105926075087e+15;
t42 = t31+2.618012919905469e+15;
t43 = t33+6.355704756523127e+15;
t45 = 1.0./t37;
t49 = 1.0./t39;
t50 = 1.0./t40;
t51 = 1.0./t44;
t52 = t36+6.075020245096941e+15;
t59 = 1.0./t55;
t13 = t12.^2;
t15 = t14.^2;
t17 = t16.^2;
t18 = t12.*x2;
t20 = t14.*x4;
t22 = t16.*x8;
t24 = -t12;
t25 = -t14;
t46 = 1.0./t38.^2;
t47 = 1.0./t41.^2;
t48 = 1.0./t42.^2;
t53 = 1.0./t43.^2;
t54 = t45.*x9;
t56 = t49.*x6;
t57 = t50.*x7;
t58 = t51.*x5;
t60 = t59.^2;
t61 = 1.0./t52.^2;
t62 = t59.*x3;
t19 = t13.*x2;
t21 = t15.*x4;
t26 = (t13.*th1.*x1)./8.0;
t27 = (t17.*th1.*x1)./8.0;
t63 = t60.*x3;
t65 = t46.*th1.*x1.*2.301292105535302e+26;
t67 = t47.*th1.*x1.*5.946531577256585e+26;
t68 = t48.*th1.*x1.*9.211314070732355e+26;
t71 = t53.*th1.*x1.*7.155887393288611e+28;
t74 = t18+t20+t22+t54+t56+t57+t58+t62;
t28 = -t26;
t29 = -t27;
t34 = t19+t24;
t35 = t21+t25;
t64 = -t63;
t66 = -t65;
t69 = -t67;
t70 = -t68;
t72 = -t71;
t75 = (t74.*th1)./4.0e+2;
t73 = t59+t64;
t76 = -t75;
mt1 = [-th2+(t74.*th1)./8.0,-t23-(t4.*t74.*th1)./8.0,-t2-(t5.*t74.*th1)./8.0,-t3+t76,t2+t3+t23-th14.*x5-(t6.*t74.*th1)./8.0,th14.*x6-(t7.*t74.*th1)./8.0,th14.*x7-(t8.*t74.*th1)./8.0,t3-t74.*th1.*2.501230076257898e-3,t2+t76,t23,t13.*th1.*x1.*(2.5e+1./4.0),-x1.*((t4.*th1.*(t12-t19))./8.0+1.0e-4),t5.*t13.*th1.*x1.*(-2.5e+1./4.0),t28,-x1.*((t6.*th1.*(t12-t19))./8.0-1.0e-4)];
mt2 = [t7.*t13.*th1.*x1.*(-2.5e+1./4.0),t8.*t13.*th1.*x1.*(-2.5e+1./4.0),t13.*th1.*x1.*(-1.250615038128949e-1),t28,x1./1.0e+4,t61.*th1.*x1.*1.751005370373555e+33,t4.*t61.*th1.*x1.*-1.751005370373555e+33,-x1.*(th12+(t5.*t73.*th1)./8.0),t61.*th1.*x1.*(-3.502010740747111e+31)];
mt3 = [x1.*(th12-(t6.*t73.*th1)./8.0),t7.*t61.*th1.*x1.*-1.751005370373555e+33,t8.*t61.*th1.*x1.*-1.751005370373555e+33,t61.*th1.*x1.*(-3.503733836853949e+31),x1.*(th12-(t73.*th1)./4.0e+2),0.0,t15.*th1.*x1.*(2.5e+1./4.0),t4.*t15.*th1.*x1.*(-2.5e+1./4.0)];
mt4 = [t5.*t15.*th1.*x1.*(-2.5e+1./4.0),-x1.*(th13+(th1.*(t14-t21))./4.0e+2),x1.*(th13-(t6.*th1.*(t14-t21))./8.0),t7.*t15.*th1.*x1.*(-2.5e+1./4.0),t8.*t15.*th1.*x1.*(-2.5e+1./4.0),x1.*(th13-th1.*(t14-t21).*2.501230076257898e-3),t15.*th1.*x1.*(-1.0./8.0),0.0,t53.*th1.*x1.*3.577943696644305e+30,t4.*t53.*th1.*x1.*-3.577943696644305e+30];
mt5 = [t5.*t53.*th1.*x1.*-3.577943696644305e+30,t72,-x1.*(th14+(t6.*th1.*(t51-t51.*t58))./8.0),t7.*t53.*th1.*x1.*-3.577943696644305e+30,t8.*t53.*th1.*x1.*-3.577943696644305e+30,t53.*th1.*x1.*(-7.15940830816328e+28),t72,0.0];
mt6 = [t47.*th1.*x1.*2.973265788628293e+28,t4.*t47.*th1.*x1.*-2.973265788628293e+28,t5.*t47.*th1.*x1.*-2.973265788628293e+28,t69,t6.*t47.*th1.*x1.*-2.973265788628293e+28,x1.*(th14-(t7.*th1.*(t49-t49.*t56))./8.0),t8.*t47.*th1.*x1.*-2.973265788628293e+28];
mt7 = [t47.*th1.*x1.*(-5.949457452180594e+26),t69,0.0,t48.*th1.*x1.*4.605657035366177e+28,t4.*t48.*th1.*x1.*-4.605657035366177e+28,t5.*t48.*th1.*x1.*-4.605657035366177e+28,t70];
mt8 = [t6.*t48.*th1.*x1.*-4.605657035366177e+28,t7.*t48.*th1.*x1.*-4.605657035366177e+28,x1.*(th14-(t8.*th1.*(t50-t50.*t57))./8.0),t48.*th1.*x1.*(-9.215846318229333e+26),t70,0.0,t17.*th1.*x1.*(2.5e+1./4.0),t4.*t17.*th1.*x1.*(-2.5e+1./4.0),t5.*t17.*th1.*x1.*(-2.5e+1./4.0),t29,t6.*t17.*th1.*x1.*(-2.5e+1./4.0)];
mt9 = [t7.*t17.*th1.*x1.*(-2.5e+1./4.0),t8.*t17.*th1.*x1.*(-2.5e+1./4.0),t17.*th1.*x1.*(-1.250615038128949e-1),t29,0.0,t46.*th1.*x1.*1.150646052767651e+28,t4.*t46.*th1.*x1.*-1.150646052767651e+28,t5.*t46.*th1.*x1.*-1.150646052767651e+28,t66,t6.*t46.*th1.*x1.*-1.150646052767651e+28];
mt10 = [t7.*t46.*th1.*x1.*-1.150646052767651e+28,t8.*t46.*th1.*x1.*-1.150646052767651e+28,t46.*th1.*x1.*(-2.302424411447905e+26),t66,0.0,0.0,0.0,0.0,0.0,0.0,0.0,0.0,0.0,0.0,0.0];
dfdxSym = reshape([mt1,mt2,mt3,mt4,mt5,mt6,mt7,mt8,mt9,mt10],10,10);
