function dfdthSym = dfdth_model(t,in2,in3)
%DFDTH_MODEL
%    dfdthSym = DFDTH_MODEL(T,IN2,IN3)

%    This function was generated by the Symbolic Math Toolbox version 9.2.
%    31-May-2023 22:50:14

th1 = in3(1,:);
th3 = in3(3,:);
th4 = in3(4,:);
th5 = in3(5,:);
th6 = in3(6,:);
th7 = in3(7,:);
th8 = in3(8,:);
th9 = in3(9,:);
th10 = in3(10,:);
th15 = in3(15,:);
th16 = in3(16,:);
th17 = in3(17,:);
th18 = in3(18,:);
th19 = in3(19,:);
th20 = in3(20,:);
th21 = in3(21,:);
th22 = in3(22,:);
x1 = in2(1,:);
x2 = in2(2,:);
x3 = in2(3,:);
x4 = in2(4,:);
x5 = in2(5,:);
x6 = in2(6,:);
x7 = in2(7,:);
x8 = in2(8,:);
x9 = in2(9,:);
t2 = th15+x2;
t3 = th16+x3;
t4 = th17+x4;
t5 = th18+x5;
t6 = th19+x6;
t7 = th20+x7;
t8 = th21+x8;
t9 = th22+x9;
t10 = x1.*x2;
t11 = x1.*x3;
t12 = x1.*x4;
t13 = 1.0./th3;
t14 = 1.0./th4;
t15 = 1.0./th5;
t16 = 1.0./th6;
t17 = 1.0./th7;
t18 = 1.0./th8;
t19 = 1.0./th9;
t20 = 1.0./th10;
t21 = 1.0./t2;
t23 = 1.0./t3;
t25 = 1.0./t4;
t27 = 1.0./t5;
t29 = 1.0./t6;
t31 = 1.0./t7;
t33 = 1.0./t8;
t35 = 1.0./t9;
t22 = t21.^2;
t24 = t23.^2;
t26 = t25.^2;
t28 = t27.^2;
t30 = t29.^2;
t32 = t31.^2;
t34 = t33.^2;
t36 = t35.^2;
t37 = t21.*x2;
t38 = t23.*x3;
t39 = t25.*x4;
t40 = t27.*x5;
t41 = t29.*x6;
t42 = t31.*x7;
t43 = t33.*x8;
t44 = t35.*x9;
t45 = t37+t38+t39+t40+t41+t42+t43+t44;
mt1 = [x1.*(t37./8.0+t38./8.0+t39./8.0+t40./8.0+t41./8.0+t42./8.0+t43./8.0+t44./8.0),t13.*t45.*x1.*(-1.0./8.0),t14.*t45.*x1.*(-1.0./8.0),t15.*t45.*x1.*(-1.0./8.0),t16.*t45.*x1.*(-1.0./8.0),t17.*t45.*x1.*(-1.0./8.0),t18.*t45.*x1.*(-1.0./8.0),t19.*t45.*x1.*(-1.0./8.0),t20.*t45.*x1.*(-1.0./8.0),0.0,-x1,0.0,0.0,0.0,0.0,0.0,0.0,0.0,0.0,0.0,0.0,(t13.^2.*t45.*th1.*x1)./8.0,0.0,0.0,0.0,0.0,0.0,0.0,0.0,0.0,0.0,0.0,(t14.^2.*t45.*th1.*x1)./8.0,0.0,0.0,0.0,0.0,0.0,0.0,0.0,0.0,0.0,0.0,(t15.^2.*t45.*th1.*x1)./8.0,0.0,0.0,0.0,0.0,0.0,0.0,0.0,0.0,0.0];
mt2 = [0.0,(t16.^2.*t45.*th1.*x1)./8.0,0.0,0.0,0.0,0.0,0.0,0.0,0.0,0.0,0.0,0.0,(t17.^2.*t45.*th1.*x1)./8.0,0.0,0.0,0.0,0.0,0.0,0.0,0.0,0.0,0.0,0.0,(t18.^2.*t45.*th1.*x1)./8.0,0.0,0.0,0.0,0.0,0.0,0.0,0.0,0.0,0.0,0.0,(t19.^2.*t45.*th1.*x1)./8.0,0.0,0.0,0.0,0.0,0.0,0.0,0.0,0.0,0.0,0.0,(t20.^2.*t45.*th1.*x1)./8.0,0.0,0.0,-t10,0.0,0.0,t10,0.0,0.0,0.0,0.0,t10,0.0,0.0,-t11,0.0,t11,0.0,0.0,0.0,t11,0.0,0.0,0.0,0.0,-t12,t12,0.0,0.0,t12,0.0,0.0,0.0,0.0,0.0,0.0,-x1.*x5,x1.*x6,x1.*x7,0.0,0.0,0.0,t10.*t22.*th1.*(-1.0./8.0),(t10.*t13.*t22.*th1)./8.0,(t10.*t14.*t22.*th1)./8.0,(t10.*t15.*t22.*th1)./8.0,(t10.*t16.*t22.*th1)./8.0];
mt3 = [(t10.*t17.*t22.*th1)./8.0,(t10.*t18.*t22.*th1)./8.0,(t10.*t19.*t22.*th1)./8.0,(t10.*t20.*t22.*th1)./8.0,0.0,t11.*t24.*th1.*(-1.0./8.0),(t11.*t13.*t24.*th1)./8.0,(t11.*t14.*t24.*th1)./8.0,(t11.*t15.*t24.*th1)./8.0,(t11.*t16.*t24.*th1)./8.0,(t11.*t17.*t24.*th1)./8.0,(t11.*t18.*t24.*th1)./8.0,(t11.*t19.*t24.*th1)./8.0,(t11.*t20.*t24.*th1)./8.0,0.0,t12.*t26.*th1.*(-1.0./8.0),(t12.*t13.*t26.*th1)./8.0,(t12.*t14.*t26.*th1)./8.0,(t12.*t15.*t26.*th1)./8.0,(t12.*t16.*t26.*th1)./8.0,(t12.*t17.*t26.*th1)./8.0,(t12.*t18.*t26.*th1)./8.0,(t12.*t19.*t26.*th1)./8.0,(t12.*t20.*t26.*th1)./8.0];
mt4 = [0.0,t28.*th1.*x1.*x5.*(-1.0./8.0),(t13.*t28.*th1.*x1.*x5)./8.0,(t14.*t28.*th1.*x1.*x5)./8.0,(t15.*t28.*th1.*x1.*x5)./8.0,(t16.*t28.*th1.*x1.*x5)./8.0,(t17.*t28.*th1.*x1.*x5)./8.0,(t18.*t28.*th1.*x1.*x5)./8.0,(t19.*t28.*th1.*x1.*x5)./8.0,(t20.*t28.*th1.*x1.*x5)./8.0,0.0,t30.*th1.*x1.*x6.*(-1.0./8.0),(t13.*t30.*th1.*x1.*x6)./8.0,(t14.*t30.*th1.*x1.*x6)./8.0,(t15.*t30.*th1.*x1.*x6)./8.0,(t16.*t30.*th1.*x1.*x6)./8.0,(t17.*t30.*th1.*x1.*x6)./8.0,(t18.*t30.*th1.*x1.*x6)./8.0,(t19.*t30.*th1.*x1.*x6)./8.0,(t20.*t30.*th1.*x1.*x6)./8.0,0.0,t32.*th1.*x1.*x7.*(-1.0./8.0)];
mt5 = [(t13.*t32.*th1.*x1.*x7)./8.0,(t14.*t32.*th1.*x1.*x7)./8.0,(t15.*t32.*th1.*x1.*x7)./8.0,(t16.*t32.*th1.*x1.*x7)./8.0,(t17.*t32.*th1.*x1.*x7)./8.0,(t18.*t32.*th1.*x1.*x7)./8.0,(t19.*t32.*th1.*x1.*x7)./8.0,(t20.*t32.*th1.*x1.*x7)./8.0,0.0,t34.*th1.*x1.*x8.*(-1.0./8.0),(t13.*t34.*th1.*x1.*x8)./8.0,(t14.*t34.*th1.*x1.*x8)./8.0,(t15.*t34.*th1.*x1.*x8)./8.0,(t16.*t34.*th1.*x1.*x8)./8.0,(t17.*t34.*th1.*x1.*x8)./8.0,(t18.*t34.*th1.*x1.*x8)./8.0,(t19.*t34.*th1.*x1.*x8)./8.0,(t20.*t34.*th1.*x1.*x8)./8.0,0.0,t36.*th1.*x1.*x9.*(-1.0./8.0),(t13.*t36.*th1.*x1.*x9)./8.0];
mt6 = [(t14.*t36.*th1.*x1.*x9)./8.0,(t15.*t36.*th1.*x1.*x9)./8.0,(t16.*t36.*th1.*x1.*x9)./8.0,(t17.*t36.*th1.*x1.*x9)./8.0,(t18.*t36.*th1.*x1.*x9)./8.0,(t19.*t36.*th1.*x1.*x9)./8.0,(t20.*t36.*th1.*x1.*x9)./8.0,0.0];
dfdthSym = reshape([mt1,mt2,mt3,mt4,mt5,mt6],10,22);
