function dfdxSym = dfdx_model(t,in2,in3)
%DFDX_MODEL
%    dfdxSym = DFDX_MODEL(T,IN2,IN3)

%    This function was generated by the Symbolic Math Toolbox version 9.2.
%    31-May-2023 22:50:13

th1 = in3(1,:);
th2 = in3(2,:);
th3 = in3(3,:);
th4 = in3(4,:);
th5 = in3(5,:);
th6 = in3(6,:);
th7 = in3(7,:);
th8 = in3(8,:);
th9 = in3(9,:);
th10 = in3(10,:);
th11 = in3(11,:);
th12 = in3(12,:);
th13 = in3(13,:);
th14 = in3(14,:);
th15 = in3(15,:);
th16 = in3(16,:);
th17 = in3(17,:);
th18 = in3(18,:);
th19 = in3(19,:);
th20 = in3(20,:);
th21 = in3(21,:);
th22 = in3(22,:);
x1 = in2(1,:);
x2 = in2(2,:);
x3 = in2(3,:);
x4 = in2(4,:);
x5 = in2(5,:);
x6 = in2(6,:);
x7 = in2(7,:);
x8 = in2(8,:);
x9 = in2(9,:);
t2 = th11.*x2;
t3 = th12.*x3;
t4 = th13.*x4;
t5 = th15+x2;
t6 = th16+x3;
t7 = th17+x4;
t8 = th18+x5;
t9 = th19+x6;
t10 = th20+x7;
t11 = th21+x8;
t12 = th22+x9;
t13 = 1.0./th3;
t14 = 1.0./th4;
t15 = 1.0./th5;
t16 = 1.0./th6;
t17 = 1.0./th7;
t18 = 1.0./th8;
t19 = 1.0./th9;
t20 = 1.0./th10;
t21 = 1.0./t5;
t23 = 1.0./t6;
t25 = 1.0./t7;
t27 = 1.0./t8;
t29 = 1.0./t9;
t31 = 1.0./t10;
t33 = 1.0./t11;
t35 = 1.0./t12;
t22 = t21.^2;
t24 = t23.^2;
t26 = t25.^2;
t28 = t27.^2;
t30 = t29.^2;
t32 = t31.^2;
t34 = t33.^2;
t36 = t35.^2;
t37 = t21.*x2;
t39 = t23.*x3;
t41 = t25.*x4;
t43 = t27.*x5;
t44 = t29.*x6;
t45 = t31.*x7;
t46 = t33.*x8;
t47 = t35.*x9;
t48 = -t21;
t49 = -t23;
t50 = -t25;
t38 = t22.*x2;
t40 = t24.*x3;
t42 = t26.*x4;
t54 = t37+t39+t41+t43+t44+t45+t46+t47;
t51 = t38+t48;
t52 = t40+t49;
t53 = t42+t50;
mt1 = [-th2+(t54.*th1)./8.0,-t2-(t13.*t54.*th1)./8.0,-t3-(t14.*t54.*th1)./8.0,-t4-(t15.*t54.*th1)./8.0,t2+t3+t4-th14.*x5-(t16.*t54.*th1)./8.0,th14.*x6-(t17.*t54.*th1)./8.0,th14.*x7-(t18.*t54.*th1)./8.0,t4-(t19.*t54.*th1)./8.0,t3-(t20.*t54.*th1)./8.0,t2,(t22.*th1.*th15.*x1)./8.0,-x1.*(th11+(t13.*th1.*(t21-t38))./8.0),t14.*t22.*th1.*th15.*x1.*(-1.0./8.0),t15.*t22.*th1.*th15.*x1.*(-1.0./8.0),x1.*(th11-(t16.*th1.*(t21-t38))./8.0),t17.*t22.*th1.*th15.*x1.*(-1.0./8.0)];
mt2 = [t18.*t22.*th1.*th15.*x1.*(-1.0./8.0),t19.*t22.*th1.*th15.*x1.*(-1.0./8.0),t20.*t22.*th1.*th15.*x1.*(-1.0./8.0),th11.*x1,(t24.*th1.*th16.*x1)./8.0,t13.*t24.*th1.*th16.*x1.*(-1.0./8.0),-x1.*(th12+(t14.*th1.*(t23-t40))./8.0),t15.*t24.*th1.*th16.*x1.*(-1.0./8.0),x1.*(th12-(t16.*th1.*(t23-t40))./8.0),t17.*t24.*th1.*th16.*x1.*(-1.0./8.0),t18.*t24.*th1.*th16.*x1.*(-1.0./8.0),t19.*t24.*th1.*th16.*x1.*(-1.0./8.0),x1.*(th12-(t20.*th1.*(t23-t40))./8.0),0.0,(t26.*th1.*th17.*x1)./8.0,t13.*t26.*th1.*th17.*x1.*(-1.0./8.0),t14.*t26.*th1.*th17.*x1.*(-1.0./8.0)];
mt3 = [-x1.*(th13+(t15.*th1.*(t25-t42))./8.0),x1.*(th13-(t16.*th1.*(t25-t42))./8.0),t17.*t26.*th1.*th17.*x1.*(-1.0./8.0),t18.*t26.*th1.*th17.*x1.*(-1.0./8.0),x1.*(th13-(t19.*th1.*(t25-t42))./8.0),t20.*t26.*th1.*th17.*x1.*(-1.0./8.0),0.0,(t28.*th1.*th18.*x1)./8.0,t13.*t28.*th1.*th18.*x1.*(-1.0./8.0),t14.*t28.*th1.*th18.*x1.*(-1.0./8.0),t15.*t28.*th1.*th18.*x1.*(-1.0./8.0),-x1.*(th14+(t16.*th1.*(t27-t28.*x5))./8.0),t17.*t28.*th1.*th18.*x1.*(-1.0./8.0),t18.*t28.*th1.*th18.*x1.*(-1.0./8.0),t19.*t28.*th1.*th18.*x1.*(-1.0./8.0),t20.*t28.*th1.*th18.*x1.*(-1.0./8.0),0.0];
mt4 = [(t30.*th1.*th19.*x1)./8.0,t13.*t30.*th1.*th19.*x1.*(-1.0./8.0),t14.*t30.*th1.*th19.*x1.*(-1.0./8.0),t15.*t30.*th1.*th19.*x1.*(-1.0./8.0),t16.*t30.*th1.*th19.*x1.*(-1.0./8.0),x1.*(th14-(t17.*th1.*(t29-t30.*x6))./8.0),t18.*t30.*th1.*th19.*x1.*(-1.0./8.0),t19.*t30.*th1.*th19.*x1.*(-1.0./8.0),t20.*t30.*th1.*th19.*x1.*(-1.0./8.0),0.0,(t32.*th1.*th20.*x1)./8.0,t13.*t32.*th1.*th20.*x1.*(-1.0./8.0),t14.*t32.*th1.*th20.*x1.*(-1.0./8.0),t15.*t32.*th1.*th20.*x1.*(-1.0./8.0),t16.*t32.*th1.*th20.*x1.*(-1.0./8.0),t17.*t32.*th1.*th20.*x1.*(-1.0./8.0),x1.*(th14-(t18.*th1.*(t31-t32.*x7))./8.0),t19.*t32.*th1.*th20.*x1.*(-1.0./8.0)];
mt5 = [t20.*t32.*th1.*th20.*x1.*(-1.0./8.0),0.0,(t34.*th1.*th21.*x1)./8.0,t13.*t34.*th1.*th21.*x1.*(-1.0./8.0),t14.*t34.*th1.*th21.*x1.*(-1.0./8.0),t15.*t34.*th1.*th21.*x1.*(-1.0./8.0),t16.*t34.*th1.*th21.*x1.*(-1.0./8.0),t17.*t34.*th1.*th21.*x1.*(-1.0./8.0),t18.*t34.*th1.*th21.*x1.*(-1.0./8.0),t19.*t34.*th1.*th21.*x1.*(-1.0./8.0),t20.*t34.*th1.*th21.*x1.*(-1.0./8.0),0.0,(t36.*th1.*th22.*x1)./8.0,t13.*t36.*th1.*th22.*x1.*(-1.0./8.0),t14.*t36.*th1.*th22.*x1.*(-1.0./8.0),t15.*t36.*th1.*th22.*x1.*(-1.0./8.0),t16.*t36.*th1.*th22.*x1.*(-1.0./8.0),t17.*t36.*th1.*th22.*x1.*(-1.0./8.0),t18.*t36.*th1.*th22.*x1.*(-1.0./8.0),t19.*t36.*th1.*th22.*x1.*(-1.0./8.0)];
mt6 = [t20.*t36.*th1.*th22.*x1.*(-1.0./8.0),0.0,0.0,0.0,0.0,0.0,0.0,0.0,0.0,0.0,0.0,0.0];
dfdxSym = reshape([mt1,mt2,mt3,mt4,mt5,mt6],10,10);
