function x0Sym = x0_model(in1)
%X0_MODEL
%    x0Sym = X0_MODEL(IN1)

%    This function was generated by the Symbolic Math Toolbox version 9.2.
%    31-May-2023 23:02:49

mt1 = [1.324000001e-1;9.4588840981;8.0000000001;1.7347957321;1.7583673291;1.0e-10;1.0e-10];
mt2 = [4.0636822051;1.0e-10;1.0e-10];
x0Sym = [mt1;mt2];
