function dfdthSym = dfdth_model(t,in2,in3)
%DFDTH_MODEL
%    dfdthSym = DFDTH_MODEL(T,IN2,IN3)

%    This function was generated by the Symbolic Math Toolbox version 9.2.
%    31-May-2023 21:41:40

th1 = in3(1,:);
th7 = in3(3,:);
th8 = in3(4,:);
x1 = in2(1,:);
x2 = in2(2,:);
x3 = in2(3,:);
x4 = in2(4,:);
x5 = in2(5,:);
x6 = in2(6,:);
x7 = in2(7,:);
x8 = in2(8,:);
x9 = in2(9,:);
t2 = x1.*x3;
t3 = x1.*x4;
t4 = x2+5.0e+1;
t7 = x6+4.95506770873895e+1;
t8 = x5+4.37180387399094e+1;
t9 = x3+4.99954399431281e+1;
t10 = x8+1.88091400530181e+1;
t11 = x7+4.99999999939224e+1;
t12 = x9+1.41503146028998e-1;
t18 = x4+1.23342243728317e-3;
t5 = 1.0./t4;
t13 = 1.0./t10;
t14 = 1.0./t11;
t15 = 1.0./t7;
t16 = 1.0./t8;
t17 = 1.0./t9;
t22 = 1.0./t12;
t26 = 1.0./t18;
t6 = t5.*x2;
t19 = t14.*x7;
t20 = t15.*x6;
t21 = t16.*x5;
t23 = t17.*x3;
t24 = t13.*x8;
t25 = t22.*x9;
t27 = t26.*x4;
t28 = t6+t19+t20+t21+t23+t24+t25+t27;
et1 = t6.*8.387714745139851e-1+t19.*8.387714745139851e-1+t20.*8.387714745139851e-1+t21.*8.387714745139851e-1+t23.*8.387714745139851e-1;
et2 = t24.*8.387714745139851e-1+t25.*8.387714745139851e-1+t27.*8.387714745139851e-1;
et3 = t6.*2.295771125169081e-1+t19.*2.295771125169081e-1+t20.*2.295771125169081e-1+t21.*2.295771125169081e-1+t23.*2.295771125169081e-1;
et4 = t24.*2.295771125169081e-1+t25.*2.295771125169081e-1+t27.*2.295771125169081e-1;
et5 = t6.*1.596218220329007e-1+t19.*1.596218220329007e-1+t20.*1.596218220329007e-1+t21.*1.596218220329007e-1+t23.*1.596218220329007e-1;
et6 = t24.*1.596218220329007e-1+t25.*1.596218220329007e-1+t27.*1.596218220329007e-1;
et7 = t6.*1.169840473791103e-1+t19.*1.169840473791103e-1+t20.*1.169840473791103e-1+t21.*1.169840473791103e-1+t23.*1.169840473791103e-1;
et8 = t24.*1.169840473791103e-1+t25.*1.169840473791103e-1+t27.*1.169840473791103e-1;
et9 = t6.*2.502801109457882e-3+t19.*2.502801109457882e-3+t20.*2.502801109457882e-3+t21.*2.502801109457882e-3+t23.*2.502801109457882e-3+t24.*2.502801109457882e-3;
et10 = t25.*2.502801109457882e-3+t27.*2.502801109457882e-3;
et11 = t6.*1.691998902456536e-1+t19.*1.691998902456536e-1+t20.*1.691998902456536e-1+t21.*1.691998902456536e-1+t23.*1.691998902456536e-1;
et12 = t24.*1.691998902456536e-1+t25.*1.691998902456536e-1+t27.*1.691998902456536e-1;
mt1 = [x1.*(t6./8.0+t19./8.0+t20./8.0+t21./8.0+t23./8.0+t24./8.0+t25./8.0+t27./8.0),-x1.*(et1+et2),-x1.*(et3+et4),-x1.*(et5+et6),-x1.*(et7+et8),(t28.*x1.*(-1.0./8.0))./th7,(t28.*x1.*(-1.0./8.0))./th8,-x1.*(et9+et10),-x1.*(et11+et12),0.0,-x1,0.0,0.0,0.0,0.0,0.0,0.0,0.0,0.0,0.0,0.0,0.0,0.0,0.0,0.0,(t28.*th1.*1.0./th7.^2.*x1)./8.0,0.0,0.0,0.0,0.0,0.0,0.0,0.0,0.0,0.0,0.0,(t28.*th1.*1.0./th8.^2.*x1)./8.0,0.0,0.0,0.0,0.0,0.0,-t2,0.0,t2,0.0,0.0,0.0,t2,0.0,0.0,0.0,0.0,-t3,t3,0.0,0.0,t3,0.0,0.0,0.0];
mt2 = [0.0,0.0,0.0,-x1.*x5,x1.*x6,x1.*x7,0.0,0.0,0.0];
dfdthSym = reshape([mt1,mt2],10,7);
