function dfdxSym = dfdx_model(t,in2,in3)
%DFDX_MODEL
%    dfdxSym = DFDX_MODEL(T,IN2,IN3)

%    This function was generated by the Symbolic Math Toolbox version 9.2.
%    31-May-2023 21:41:39

th1 = in3(1,:);
th2 = in3(2,:);
th7 = in3(3,:);
th8 = in3(4,:);
th12 = in3(5,:);
th13 = in3(6,:);
th14 = in3(7,:);
x1 = in2(1,:);
x2 = in2(2,:);
x3 = in2(3,:);
x4 = in2(4,:);
x5 = in2(5,:);
x6 = in2(6,:);
x7 = in2(7,:);
x8 = in2(8,:);
x9 = in2(9,:);
t2 = th12.*x3;
t3 = th13.*x4;
t4 = 1.0./th7;
t5 = 1.0./th8;
t6 = x2+5.0e+1;
t11 = x2./1.0e+4;
t13 = x3.*1.40737488355328e+14;
t14 = x5.*7.0368744177664e+13;
t15 = x6.*7.0368744177664e+13;
t16 = x7.*7.0368744177664e+13;
t17 = x8.*2.81474976710656e+14;
t18 = x9.*1.801439850948198e+16;
t20 = x4.*4.611686018427388e+18;
t22 = x6+4.95506770873895e+1;
t23 = x5+4.37180387399094e+1;
t25 = x3+4.99954399431281e+1;
t28 = x8+1.88091400530181e+1;
t30 = x7+4.99999999939224e+1;
t31 = x9+1.41503146028998e-1;
t44 = x4+1.23342243728317e-3;
t7 = 1.0./t6;
t21 = t17+5.294302258370737e+15;
t24 = t16+3.518437208455527e+15;
t26 = t15+3.486818919792549e+15;
t27 = t14+3.076383484037889e+15;
t29 = t13+7.036232646815491e+15;
t32 = t18+2.549094062911793e+15;
t33 = 1.0./t28;
t35 = 1.0./t30;
t37 = 1.0./t22;
t38 = 1.0./t23;
t40 = 1.0./t25;
t45 = t20+5.688157008833427e+15;
t49 = 1.0./t31;
t56 = 1.0./t44;
t8 = t7.^2;
t9 = t7.*x2;
t12 = -t7;
t34 = 1.0./t29.^2;
t36 = 1.0./t21.^2;
t39 = 1.0./t24.^2;
t41 = t40.^2;
t42 = 1.0./t26.^2;
t43 = 1.0./t27.^2;
t46 = t35.*x7;
t47 = t37.*x6;
t48 = t38.*x5;
t50 = t40.*x3;
t52 = 1.0./t32.^2;
t53 = t33.*x8;
t54 = -t40;
t55 = t49.*x9;
t57 = t56.^2;
t58 = 1.0./t45.^2;
t59 = t56.*x4;
t61 = -t56;
t10 = t8.*x2;
t51 = t41.*x3;
t60 = t57.*x4;
t64 = t9+t46+t47+t48+t50+t53+t55+t59;
t19 = t10+t12;
t62 = t51+t54;
t63 = t60+t61;
mt1 = [-th2+(t64.*th1)./8.0,-t11-t64.*th1.*8.387714745139851e-1,-t2-t64.*th1.*2.295771125169081e-1,-t3-t64.*th1.*1.596218220329007e-1,t2+t3+t11-t64.*th1.*1.169840473791103e-1-th14.*x5,th14.*x6-(t4.*t64.*th1)./8.0];
mt2 = [th14.*x7-(t5.*t64.*th1)./8.0,t3-t64.*th1.*2.502801109457882e-3,t2-t64.*th1.*1.691998902456536e-1,t11,t8.*th1.*x1.*(2.5e+1./4.0),-x1.*(th1.*(t7-t10).*8.387714745139851e-1+1.0e-4),t8.*th1.*x1.*(-1.14788556258454e+1)];
mt3 = [t8.*th1.*x1.*(-7.981091101645037),-x1.*(th1.*(t7-t10).*1.169840473791103e-1-1.0e-4),t4.*t8.*th1.*x1.*(-2.5e+1./4.0),t5.*t8.*th1.*x1.*(-2.5e+1./4.0),t8.*th1.*x1.*(-1.251400554728941e-1),t8.*th1.*x1.*(-8.459994512282681),x1./1.0e+4];
mt4 = [t34.*th1.*x1.*1.237827137745717e+29,t34.*th1.*x1.*(-8.306032748163209e+29),-x1.*(th12+th1.*(t40-t51).*2.295771125169081e-1)];
mt5 = [t34.*th1.*x1.*(-1.580673784709935e+29),x1.*(th12-th1.*(t40-t51).*1.169840473791103e-1),t4.*t34.*th1.*x1.*-1.237827137745717e+29,t5.*t34.*th1.*x1.*-1.237827137745717e+29];
mt6 = [t34.*th1.*x1.*(-2.478428106933644e+27),x1.*(th12-th1.*(t40-t51).*1.691998902456536e-1),0.0,t58.*th1.*x1.*3.278999268532108e+33];
mt7 = [t58.*th1.*x1.*(-2.200264841117564e+34),t58.*th1.*x1.*(-6.022265472117241e+33),-x1.*(th13+th1.*(t56-t60).*1.596218220329007e-1)];
mt8 = [x1.*(th13-th1.*(t56-t60).*1.169840473791103e-1),t4.*t58.*th1.*x1.*-3.278999268532108e+33,t5.*t58.*th1.*x1.*-3.278999268532108e+33,x1.*(th13-th1.*(t56-t60).*2.502801109457882e-3)];
mt9 = [t58.*th1.*x1.*(-4.43845053080969e+33),0.0,t43.*th1.*x1.*2.706015529758161e+28,t43.*th1.*x1.*(-1.815782908762396e+29)];
mt10 = [t43.*th1.*x1.*(-4.96991385398232e+28),t43.*th1.*x1.*(-3.455513034474583e+28),-x1.*(th14+th1.*(t38-t38.*t48).*1.169840473791103e-1)];
mt11 = [t4.*t43.*th1.*x1.*-2.706015529758161e+28,t5.*t43.*th1.*x1.*-2.706015529758161e+28,t43.*th1.*x1.*(-5.418094936071187e+26)];
mt12 = [t43.*th1.*x1.*(-3.662860245104921e+28),0.0,t42.*th1.*x1.*3.067038357009008e+28,t42.*th1.*x1.*(-2.058035428079517e+29)];
mt13 = [t42.*th1.*x1.*(-5.632974479845838e+28),t42.*th1.*x1.*(-3.916530006324577e+28)];
mt14 = [t42.*th1.*x1.*(-2.870356483759124e+28),x1.*(th14-(t4.*th1.*(t37-t37.*t47))./8.0),t5.*t42.*th1.*x1.*-3.067038357009008e+28,t42.*th1.*x1.*(-6.140949602137618e+26)];
mt15 = [t42.*th1.*x1.*(-4.151540427081071e+28),0.0,t39.*th1.*x1.*3.094850097837266e+28,t39.*th1.*x1.*(-2.076697583970171e+29)];
mt16 = [t39.*th1.*x1.*(-5.684053993073199e+28),t39.*th1.*x1.*(-3.952044892283884e+28)];
mt17 = [t39.*th1.*x1.*(-2.896384723813111e+28),t4.*t39.*th1.*x1.*-3.094850097837266e+28,x1.*(th14-(t5.*th1.*(t35-t35.*t46))./8.0),t39.*th1.*x1.*(-6.196635406778354e+26)];
mt18 = [t39.*th1.*x1.*(-4.189186375046526e+28),0.0,t36.*th1.*x1.*1.862767006092596e+29,t36.*th1.*x1.*(-1.24994866270103e+30)];
mt19 = [t36.*th1.*x1.*(-3.421189364404031e+29),t36.*th1.*x1.*(-2.378706108282173e+29)];
mt20 = [t36.*th1.*x1.*(-1.743312189575838e+29),t4.*t36.*th1.*x1.*-1.862767006092596e+29,t5.*t36.*th1.*x1.*-1.862767006092596e+29];
mt21 = [t36.*th1.*x1.*(-3.729708263608068e+27),t36.*th1.*x1.*(-2.521439783872736e+29),0.0,t52.*th1.*x1.*5.740049535930947e+30];
mt22 = [t52.*th1.*x1.*(-3.851671850428893e+31),t52.*th1.*x1.*(-1.054227198530436e+31)];
mt23 = [t52.*th1.*x1.*(-7.329897323875234e+30),t52.*th1.*x1.*(-5.371953814958289e+30),t4.*t52.*th1.*x1.*-5.740049535930947e+30];
mt24 = [t5.*t52.*th1.*x1.*-5.740049535930947e+30,t52.*th1.*x1.*(-1.149296187749694e+29),t52.*th1.*x1.*(-7.76972601187305e+30),0.0,0.0,0.0,0.0,0.0,0.0,0.0,0.0,0.0,0.0,0.0];
dfdxSym = reshape([mt1,mt2,mt3,mt4,mt5,mt6,mt7,mt8,mt9,mt10,mt11,mt12,mt13,mt14,mt15,mt16,mt17,mt18,mt19,mt20,mt21,mt22,mt23,mt24],10,10);
