function Xdot = model(t,in2,in3)
%MODEL
%    Xdot = MODEL(T,IN2,IN3)

%    This function was generated by the Symbolic Math Toolbox version 9.2.
%    31-May-2023 21:41:39

th1 = in3(1,:);
th2 = in3(2,:);
th7 = in3(3,:);
th8 = in3(4,:);
th12 = in3(5,:);
th13 = in3(6,:);
th14 = in3(7,:);
x1 = in2(1,:);
x2 = in2(2,:);
x3 = in2(3,:);
x4 = in2(4,:);
x5 = in2(5,:);
x6 = in2(6,:);
x7 = in2(7,:);
x8 = in2(8,:);
x9 = in2(9,:);
t2 = th12.*x3;
t3 = th13.*x4;
t4 = x2+5.0e+1;
t7 = x2./1.0e+4;
t8 = x6+4.95506770873895e+1;
t9 = x5+4.37180387399094e+1;
t10 = x3+4.99954399431281e+1;
t11 = x8+1.88091400530181e+1;
t12 = x7+4.99999999939224e+1;
t13 = x9+1.41503146028998e-1;
t19 = x4+1.23342243728317e-3;
t5 = 1.0./t4;
t14 = 1.0./t11;
t15 = 1.0./t12;
t16 = 1.0./t8;
t17 = 1.0./t9;
t18 = 1.0./t10;
t23 = 1.0./t13;
t27 = 1.0./t19;
t6 = t5.*x2;
t20 = t15.*x7;
t21 = t16.*x6;
t22 = t17.*x5;
t24 = t18.*x3;
t25 = t14.*x8;
t26 = t23.*x9;
t28 = t27.*x4;
t29 = t6+t20+t21+t22+t24+t25+t26+t28;
mt1 = [-x1.*(th2-(t29.*th1)./8.0);-x1.*(t7+t29.*th1.*8.387714745139851e-1);-x1.*(t2+t29.*th1.*2.295771125169081e-1);-x1.*(t3+t29.*th1.*1.596218220329007e-1);x1.*(t2+t3+t7-t29.*th1.*1.169840473791103e-1-th14.*x5)];
mt2 = [x1.*(th14.*x6-(t29.*th1)./(th7.*8.0));x1.*(th14.*x7-(t29.*th1)./(th8.*8.0));x1.*(t3-t29.*th1.*2.502801109457882e-3);x1.*(t2-t29.*th1.*1.691998902456536e-1);t7.*x1];
Xdot = [mt1;mt2];
