function dfdxSym = dfdx_model(t,in2,in3)
%DFDX_MODEL
%    dfdxSym = DFDX_MODEL(T,IN2,IN3)

%    This function was generated by the Symbolic Math Toolbox version 9.2.
%    31-May-2023 22:32:31

th1 = in3(1,:);
th2 = in3(2,:);
th3 = in3(3,:);
th4 = in3(4,:);
th6 = in3(5,:);
th7 = in3(6,:);
th8 = in3(7,:);
th10 = in3(8,:);
th11 = in3(9,:);
th12 = in3(10,:);
th13 = in3(11,:);
th14 = in3(12,:);
x1 = in2(1,:);
x2 = in2(2,:);
x3 = in2(3,:);
x4 = in2(4,:);
x5 = in2(5,:);
x6 = in2(6,:);
x7 = in2(7,:);
x8 = in2(8,:);
x9 = in2(9,:);
t2 = th11.*x2;
t3 = th12.*x3;
t4 = th13.*x4;
t5 = 1.0./th3;
t6 = 1.0./th4;
t7 = 1.0./th6;
t8 = 1.0./th7;
t9 = 1.0./th8;
t10 = 1.0./th10;
t11 = x4.*3.5184372088832e+13;
t12 = x7.*3.5184372088832e+13;
t13 = x8.*3.5184372088832e+13;
t14 = x6.*7.0368744177664e+13;
t15 = x5.*1.125899906842624e+15;
t16 = x9.*2.251799813685248e+15;
t17 = x3.*1.801439850948198e+16;
t18 = x2.*7.378697629483821e+19;
t22 = x7+3.67890485041078e+1;
t23 = x8+4.9999999406895e+1;
t24 = x4+4.9999392660528e+1;
t25 = x6+1.68751497203814e+1;
t28 = x9+3.5997576222139;
t29 = x5+5.84877021264063;
t36 = x3+3.53407066939944e-1;
t56 = x2+1.00593104953139e-4;
t19 = t12+1.294399571362617e+15;
t20 = t13+1.759218583573573e+15;
t21 = t11+1.759197235583633e+15;
t26 = t14+1.187483093633297e+15;
t27 = t15+6.585129837555999e+15;
t30 = t16+8.105933543013311e+15;
t31 = 1.0./t22;
t32 = 1.0./t23;
t33 = 1.0./t24;
t39 = t17+6.366415739923327e+15;
t41 = 1.0./t25;
t45 = 1.0./t29;
t48 = 1.0./t28;
t53 = 1.0./t36;
t57 = t18+7.422461050601439e+15;
t62 = 1.0./t56;
t34 = t33.^2;
t35 = 1.0./t19.^2;
t37 = 1.0./t20.^2;
t38 = 1.0./t21.^2;
t40 = 1.0./t26.^2;
t42 = t32.*x8;
t43 = t33.*x4;
t46 = 1.0./t30.^2;
t47 = 1.0./t27.^2;
t49 = t31.*x7;
t50 = 1.0./t39.^2;
t51 = t41.*x6;
t52 = -t33;
t54 = t53.^2;
t55 = t45.*x5;
t58 = t48.*x9;
t59 = t53.*x3;
t61 = -t53;
t63 = t62.^2;
t64 = 1.0./t57.^2;
t65 = t62.*x2;
t67 = -t62;
t44 = t34.*x4;
t60 = t54.*x3;
t66 = t63.*x2;
t71 = t42+t43+t49+t51+t55+t58+t59+t65;
t68 = t44+t52;
t69 = t60+t61;
t70 = t66+t67;
mt1 = [-th2+(t71.*th1)./8.0,-t2-(t5.*t71.*th1)./8.0,-t3-(t6.*t71.*th1)./8.0,-t4-t71.*th1.*2.500000059310496e-3,t2+t3+t4-th14.*x5-(t7.*t71.*th1)./8.0,th14.*x6-(t8.*t71.*th1)./8.0,th14.*x7-(t9.*t71.*th1)./8.0,t4-t71.*th1.*2.500000041938851e-3,t3-(t10.*t71.*th1)./8.0,t2];
mt2 = [t64.*th1.*x1.*6.846011969876103e+34,-x1.*(th11+(t5.*th1.*(t62-t66))./8.0),t6.*t64.*th1.*x1.*-6.846011969876103e+34,t64.*th1.*x1.*(-1.36920242645845e+33),x1.*(th11-(t7.*th1.*(t62-t66))./8.0)];
mt3 = [t8.*t64.*th1.*x1.*-6.846011969876103e+34,t9.*t64.*th1.*x1.*-6.846011969876103e+34,t64.*th1.*x1.*(-1.369202416944331e+33),t10.*t64.*th1.*x1.*-6.846011969876103e+34,th11.*x1];
mt4 = [t50.*th1.*x1.*1.433589377700218e+31,t5.*t50.*th1.*x1.*-1.433589377700218e+31,-x1.*(th12+(t6.*th1.*(t53-t60))./8.0),t50.*th1.*x1.*(-2.867178823421954e+29),x1.*(th12-(t7.*th1.*(t53-t60))./8.0)];
mt5 = [t8.*t50.*th1.*x1.*-1.433589377700218e+31,t9.*t50.*th1.*x1.*-1.433589377700218e+31,t50.*th1.*x1.*(-2.867178803498908e+29),x1.*(th12-(t10.*th1.*(t53-t60))./8.0),0.0,t38.*th1.*x1.*7.737031264302399e+27];
mt6 = [t5.*t38.*th1.*x1.*-7.737031264302399e+27,t6.*t38.*th1.*x1.*-7.737031264302399e+27,-x1.*(th13+th1.*(t33-t44).*2.500000059310496e-3),x1.*(th13-(t7.*th1.*(t33-t44))./8.0),t8.*t38.*th1.*x1.*-7.737031264302399e+27,t9.*t38.*th1.*x1.*-7.737031264302399e+27];
mt7 = [x1.*(th13-th1.*(t33-t44).*2.500000041938851e-3),t10.*t38.*th1.*x1.*-7.737031264302399e+27,0.0,t47.*th1.*x1.*9.267746338313604e+29,t5.*t47.*th1.*x1.*-9.267746338313604e+29,t6.*t47.*th1.*x1.*-9.267746338313604e+29];
mt8 = [t47.*th1.*x1.*(-1.853549311636692e+28),-x1.*(th14+(t7.*th1.*(t45-t45.*t55))./8.0),t8.*t47.*th1.*x1.*-9.267746338313604e+29,t9.*t47.*th1.*x1.*-9.267746338313604e+29];
mt9 = [t47.*th1.*x1.*(-1.853549298757011e+28),t10.*t47.*th1.*x1.*-9.267746338313604e+29,0.0,t40.*th1.*x1.*1.044521175389781e+28,t5.*t40.*th1.*x1.*-1.044521175389781e+28];
mt10 = [t6.*t40.*th1.*x1.*-1.044521175389781e+28,t40.*th1.*x1.*(-2.089042400340418e+26),t7.*t40.*th1.*x1.*-1.044521175389781e+28,x1.*(th14-(t8.*th1.*(t41-t41.*t51))./8.0),t9.*t40.*th1.*x1.*-1.044521175389781e+28];
mt11 = [t40.*th1.*x1.*(-2.089042385824377e+26),t10.*t40.*th1.*x1.*-1.044521175389781e+28,0.0,t35.*th1.*x1.*5.692829518805871e+27,t5.*t35.*th1.*x1.*-5.692829518805871e+27,t6.*t35.*th1.*x1.*-5.692829518805871e+27];
mt12 = [t35.*th1.*x1.*(-1.138565930772738e+26),t7.*t35.*th1.*x1.*-5.692829518805871e+27,t8.*t35.*th1.*x1.*-5.692829518805871e+27,x1.*(th14-(t9.*th1.*(t31-t31.*t49))./8.0)];
mt13 = [t35.*th1.*x1.*(-1.138565922861232e+26),t10.*t35.*th1.*x1.*-5.692829518805871e+27,0.0,t37.*th1.*x1.*7.737125153755073e+27,t5.*t37.*th1.*x1.*-7.737125153755073e+27,t6.*t37.*th1.*x1.*-7.737125153755073e+27];
mt14 = [t37.*th1.*x1.*(-1.547425067462433e+26),t7.*t37.*th1.*x1.*-7.737125153755073e+27,t8.*t37.*th1.*x1.*-7.737125153755073e+27,t9.*t37.*th1.*x1.*-7.737125153755073e+27];
mt15 = [t37.*th1.*x1.*(-1.547425056709906e+26),t10.*t37.*th1.*x1.*-7.737125153755073e+27,0.0,t46.*th1.*x1.*2.281617455237797e+30,t5.*t46.*th1.*x1.*-2.281617455237797e+30];
mt16 = [t6.*t46.*th1.*x1.*-2.281617455237797e+30,t46.*th1.*x1.*(-4.563235018734685e+28),t7.*t46.*th1.*x1.*-2.281617455237797e+30,t8.*t46.*th1.*x1.*-2.281617455237797e+30];
mt17 = [t9.*t46.*th1.*x1.*-2.281617455237797e+30,t46.*th1.*x1.*(-4.563234987026325e+28),t10.*t46.*th1.*x1.*-2.281617455237797e+30,0.0,0.0,0.0,0.0,0.0,0.0,0.0,0.0,0.0,0.0,0.0];
dfdxSym = reshape([mt1,mt2,mt3,mt4,mt5,mt6,mt7,mt8,mt9,mt10,mt11,mt12,mt13,mt14,mt15,mt16,mt17],10,10);
