function dfdthSym = dfdth_model(t,in2,in3)
%DFDTH_MODEL
%    dfdthSym = DFDTH_MODEL(T,IN2,IN3)

%    This function was generated by the Symbolic Math Toolbox version 9.2.
%    31-May-2023 23:18:39

th1 = in3(1,:);
th7 = in3(3,:);
th8 = in3(4,:);
x1 = in2(1,:);
x2 = in2(2,:);
x3 = in2(3,:);
x4 = in2(4,:);
x5 = in2(5,:);
x6 = in2(6,:);
x7 = in2(7,:);
x8 = in2(8,:);
x9 = in2(9,:);
t2 = x1.*x2;
t3 = x1.*x3;
t4 = x1.*x4;
t5 = x4+5.0e+1;
t6 = x8+5.0e+1;
t13 = x3+4.60072948671266e+1;
t14 = x6+3.92916983687822e+1;
t15 = x9+2.58902112996201e+1;
t16 = x2+3.27288990615856e+1;
t17 = x7+4.87007202410084e+1;
t18 = x5+3.3808973256835;
t7 = 1.0./t5;
t8 = 1.0./t6;
t19 = 1.0./t13;
t20 = 1.0./t14;
t21 = 1.0./t15;
t22 = 1.0./t16;
t23 = 1.0./t17;
t24 = 1.0./t18;
t9 = t7.*x4;
t10 = t8.*x8;
t25 = t19.*x3;
t26 = t20.*x6;
t27 = t21.*x9;
t28 = t22.*x2;
t29 = t23.*x7;
t30 = t24.*x5;
t11 = t9./4.0e+2;
t12 = t10./4.0e+2;
t31 = t25./4.0e+2;
t32 = t26./4.0e+2;
t33 = t27./4.0e+2;
t34 = t28./4.0e+2;
t35 = t29./4.0e+2;
t36 = t30./4.0e+2;
t37 = t9+t10+t25+t26+t27+t28+t29+t30;
t38 = t11+t12+t31+t32+t33+t34+t35+t36;
t39 = t38.*x1;
t40 = -t39;
et1 = t9.*8.968056066761241e-2+t10.*8.968056066761241e-2+t25.*8.968056066761241e-2+t26.*8.968056066761241e-2+t27.*8.968056066761241e-2;
et2 = t28.*8.968056066761241e-2+t29.*8.968056066761241e-2+t30.*8.968056066761241e-2;
et3 = t9.*3.769116589286102e-2+t10.*3.769116589286102e-2+t25.*3.769116589286102e-2+t26.*3.769116589286102e-2+t27.*3.769116589286102e-2;
et4 = t28.*3.769116589286102e-2+t29.*3.769116589286102e-2+t30.*3.769116589286102e-2;
et5 = t9.*4.262703721774912e-1+t10.*4.262703721774912e-1+t25.*4.262703721774912e-1+t26.*4.262703721774912e-1+t27.*4.262703721774912e-1;
et6 = t28.*4.262703721774912e-1+t29.*4.262703721774912e-1+t30.*4.262703721774912e-1;
et7 = t9.*2.500391799741333e-3+t10.*2.500391799741333e-3+t25.*2.500391799741333e-3+t26.*2.500391799741333e-3+t27.*2.500391799741333e-3+t28.*2.500391799741333e-3;
et8 = t29.*2.500391799741333e-3+t30.*2.500391799741333e-3;
mt1 = [x1.*(t9./8.0+t10./8.0+t25./8.0+t26./8.0+t27./8.0+t28./8.0+t29./8.0+t30./8.0),-x1.*(et1+et2),-x1.*(et3+et4),t40,-x1.*(et5+et6),(t37.*x1.*(-1.0./8.0))./th7,(t37.*x1.*(-1.0./8.0))./th8,t40,-x1.*(et7+et8),0.0,-x1,0.0,0.0,0.0,0.0,0.0,0.0,0.0,0.0,0.0,0.0,0.0,0.0,0.0,0.0,(t37.*th1.*1.0./th7.^2.*x1)./8.0,0.0,0.0,0.0,0.0,0.0,0.0,0.0,0.0,0.0,0.0,(t37.*th1.*1.0./th8.^2.*x1)./8.0,0.0,0.0,0.0,0.0,-t2,0.0,0.0,t2,0.0,0.0,0.0,0.0,t2,0.0,0.0,-t3,0.0,t3,0.0,0.0,0.0,t3,0.0,0.0,0.0,0.0,-t4,t4,0.0,0.0,t4,0.0,0.0];
mt2 = [0.0,0.0,0.0,0.0,-x1.*x5,x1.*x6,x1.*x7,0.0,0.0,0.0];
dfdthSym = reshape([mt1,mt2],10,8);
