function dfdxSym = dfdx_model(t,in2,in3)
%DFDX_MODEL
%    dfdxSym = DFDX_MODEL(T,IN2,IN3)

%    This function was generated by the Symbolic Math Toolbox version 9.2.
%    31-May-2023 23:18:38

th1 = in3(1,:);
th2 = in3(2,:);
th7 = in3(3,:);
th8 = in3(4,:);
th11 = in3(5,:);
th12 = in3(6,:);
th13 = in3(7,:);
th14 = in3(8,:);
x1 = in2(1,:);
x2 = in2(2,:);
x3 = in2(3,:);
x4 = in2(4,:);
x5 = in2(5,:);
x6 = in2(6,:);
x7 = in2(7,:);
x8 = in2(8,:);
x9 = in2(9,:);
t2 = th11.*x2;
t3 = th12.*x3;
t4 = th13.*x4;
t5 = 1.0./th7;
t6 = 1.0./th8;
t7 = x4+5.0e+1;
t8 = x8+5.0e+1;
t19 = x3.*3.5184372088832e+13;
t20 = x2.*1.40737488355328e+14;
t21 = x6.*1.40737488355328e+14;
t22 = x7.*7.0368744177664e+13;
t23 = x9.*1.40737488355328e+14;
t24 = x5.*2.251799813685248e+15;
t27 = x3+4.60072948671266e+1;
t29 = x6+3.92916983687822e+1;
t30 = x9+2.58902112996201e+1;
t31 = x2+3.27288990615856e+1;
t32 = x7+4.87007202410084e+1;
t38 = x5+3.3808973256835;
t9 = 1.0./t7;
t11 = 1.0./t8;
t28 = t19+1.618737781405593e+15;
t33 = t21+5.529814941637545e+15;
t34 = t23+3.643723311297265e+15;
t35 = t20+4.606183050562609e+15;
t36 = t22+3.427008523907503e+15;
t37 = t24+7.613103968063059e+15;
t40 = 1.0./t27;
t45 = 1.0./t29;
t46 = 1.0./t30;
t47 = 1.0./t31;
t49 = 1.0./t32;
t51 = 1.0./t38;
t10 = t9.^2;
t12 = t11.^2;
t13 = t9.*x4;
t15 = t11.*x8;
t16 = -t9;
t39 = 1.0./t28.^2;
t41 = t40.^2;
t42 = 1.0./t34.^2;
t43 = 1.0./t35.^2;
t44 = 1.0./t36.^2;
t48 = t47.^2;
t50 = 1.0./t33.^2;
t52 = 1.0./t37.^2;
t53 = t40.*x3;
t55 = -t40;
t56 = t45.*x6;
t57 = t46.*x9;
t58 = t47.*x2;
t60 = t49.*x7;
t61 = -t47;
t62 = t51.*x5;
t14 = t10.*x4;
t17 = (t12.*th1.*x1)./8.0;
t54 = t41.*x3;
t59 = t48.*x2;
t63 = t50.*th1.*x1.*1.945630664889582e+27;
t64 = t42.*th1.*x1.*1.28202116773434e+27;
t65 = t39.*th1.*x1.*1.42385681038062e+26;
t69 = t43.*th1.*x1.*1.620656583602661e+27;
t70 = t44.*th1.*x1.*6.028857152838025e+26;
t73 = t52.*th1.*x1.*4.285796524212705e+28;
t77 = t13+t15+t53+t56+t57+t58+t60+t62;
t18 = -t17;
t25 = t14+t16;
t26 = th1.*(t9-t14).*(-1.0./4.0e+2);
t66 = -t63;
t67 = -t64;
t68 = -t65;
t71 = -t69;
t72 = -t70;
t74 = -t73;
t75 = t54+t55;
t76 = t59+t61;
t78 = (t77.*th1)./4.0e+2;
t79 = -t78;
mt1 = [-th2+(t77.*th1)./8.0,-t2-t77.*th1.*8.968056066761241e-2,-t3-t77.*th1.*3.769116589286102e-2,-t4+t79,t2+t3+t4-t77.*th1.*4.262703721774912e-1-th14.*x5,th14.*x6-(t5.*t77.*th1)./8.0,th14.*x7-(t6.*t77.*th1)./8.0,t4+t79];
mt2 = [t3-t77.*th1.*2.500391799741333e-3,t2,t43.*th1.*x1.*8.103282918013305e+28,-x1.*(th11+th1.*(t47-t59).*8.968056066761241e-2),t43.*th1.*x1.*(-2.443377445917011e+28),t71];
mt3 = [x1.*(th11-th1.*(t47-t59).*4.262703721774912e-1),t5.*t43.*th1.*x1.*-8.103282918013305e+28,t6.*t43.*th1.*x1.*-8.103282918013305e+28,t71,t43.*th1.*x1.*(-1.620910572734759e+27),th11.*x1];
mt4 = [t39.*th1.*x1.*7.119284051903098e+27,t39.*th1.*x1.*(-5.10769108261329e+27),-x1.*(th12+th1.*(t40-t54).*3.769116589286102e-2),t68,x1.*(th12-th1.*(t40-t54).*4.262703721774912e-1)];
mt5 = [t5.*t39.*th1.*x1.*-7.119284051903098e+27,t6.*t39.*th1.*x1.*-7.119284051903098e+27,t68,x1.*(th12-th1.*(t40-t54).*2.500391799741333e-3),0.0,t10.*th1.*x1.*(2.5e+1./4.0),t10.*th1.*x1.*(-4.484028033380621),t10.*th1.*x1.*(-1.884558294643051)];
mt6 = [-x1.*(th13+(th1.*(t9-t14))./4.0e+2),x1.*(th13-th1.*(t9-t14).*4.262703721774912e-1),t5.*t10.*th1.*x1.*(-2.5e+1./4.0),t6.*t10.*th1.*x1.*(-2.5e+1./4.0),x1.*(t26+th13),t10.*th1.*x1.*(-1.250195899870667e-1),0.0,t52.*th1.*x1.*2.142898262106352e+30];
mt7 = [t52.*th1.*x1.*(-1.537410540794799e+30),t52.*th1.*x1.*(-6.461466711085927e+29),t74,-x1.*(th14+th1.*(t51-t51.*t62).*4.262703721774912e-1)];
mt8 = [t5.*t52.*th1.*x1.*-2.142898262106352e+30,t6.*t52.*th1.*x1.*-2.142898262106352e+30,t74,t52.*th1.*x1.*(-4.286468193800542e+28),0.0,t50.*th1.*x1.*9.72815332444791e+28];
mt9 = [t50.*th1.*x1.*(-6.979409955175889e+28),t50.*th1.*x1.*(-2.933323526263628e+28),t66,t50.*th1.*x1.*(-3.317458830569687e+29)];
mt10 = [x1.*(th14-(t5.*th1.*(t45-t45.*t56))./8.0),t6.*t50.*th1.*x1.*-9.72815332444791e+28,t66,t50.*th1.*x1.*(-1.945935583926076e+27),0.0,t44.*th1.*x1.*3.014428576419013e+28];
mt11 = [t44.*th1.*x1.*(-2.162685158605838e+28),t44.*th1.*x1.*(-9.08938620367919e+27),t72];
mt12 = [t44.*th1.*x1.*(-1.027969272938078e+29),t5.*t44.*th1.*x1.*-3.014428576419013e+28,x1.*(th14-(t6.*th1.*(t49-t49.*t60))./8.0),t72,t44.*th1.*x1.*(-6.029801994707232e+26),0.0,t12.*th1.*x1.*(2.5e+1./4.0)];
mt13 = [t12.*th1.*x1.*(-4.484028033380621),t12.*th1.*x1.*(-1.884558294643051),t18,t12.*th1.*x1.*(-2.131351860887456e+1),t5.*t12.*th1.*x1.*(-2.5e+1./4.0),t6.*t12.*th1.*x1.*(-2.5e+1./4.0),t18,t12.*th1.*x1.*(-1.250195899870667e-1),0.0];
mt14 = [t42.*th1.*x1.*6.4101058386717e+28,t42.*th1.*x1.*(-4.598895084406512e+28),t42.*th1.*x1.*(-1.932834900449376e+28),t67];
mt15 = [t42.*th1.*x1.*(-2.185950561238156e+29),t5.*t42.*th1.*x1.*-6.4101058386717e+28,t6.*t42.*th1.*x1.*-6.4101058386717e+28,t67];
mt16 = [t42.*th1.*x1.*(-1.282222085959101e+27),0.0,0.0,0.0,0.0,0.0,0.0,0.0,0.0,0.0,0.0,0.0];
dfdxSym = reshape([mt1,mt2,mt3,mt4,mt5,mt6,mt7,mt8,mt9,mt10,mt11,mt12,mt13,mt14,mt15,mt16],10,10);
