function Xdot = model(t,in2,in3)
%MODEL
%    Xdot = MODEL(T,IN2,IN3)

%    This function was generated by the Symbolic Math Toolbox version 9.2.
%    31-May-2023 23:18:37

th1 = in3(1,:);
th2 = in3(2,:);
th7 = in3(3,:);
th8 = in3(4,:);
th11 = in3(5,:);
th12 = in3(6,:);
th13 = in3(7,:);
th14 = in3(8,:);
x1 = in2(1,:);
x2 = in2(2,:);
x3 = in2(3,:);
x4 = in2(4,:);
x5 = in2(5,:);
x6 = in2(6,:);
x7 = in2(7,:);
x8 = in2(8,:);
x9 = in2(9,:);
t2 = th11.*x2;
t3 = th12.*x3;
t4 = th13.*x4;
t5 = x4+5.0e+1;
t6 = x8+5.0e+1;
t11 = x3+4.60072948671266e+1;
t12 = x6+3.92916983687822e+1;
t13 = x9+2.58902112996201e+1;
t14 = x2+3.27288990615856e+1;
t15 = x7+4.87007202410084e+1;
t16 = x5+3.3808973256835;
t7 = 1.0./t5;
t8 = 1.0./t6;
t17 = 1.0./t11;
t18 = 1.0./t12;
t19 = 1.0./t13;
t20 = 1.0./t14;
t21 = 1.0./t15;
t22 = 1.0./t16;
t9 = t7.*x4;
t10 = t8.*x8;
t23 = t17.*x3;
t24 = t18.*x6;
t25 = t19.*x9;
t26 = t20.*x2;
t27 = t21.*x7;
t28 = t22.*x5;
t29 = t9+t10+t23+t24+t25+t26+t27+t28;
t30 = (t29.*th1)./4.0e+2;
mt1 = [-x1.*(th2-(t29.*th1)./8.0);-x1.*(t2+t29.*th1.*8.968056066761241e-2);-x1.*(t3+t29.*th1.*3.769116589286102e-2);-x1.*(t4+t30);x1.*(t2+t3+t4-t29.*th1.*4.262703721774912e-1-th14.*x5);x1.*(th14.*x6-(t29.*th1)./(th7.*8.0));x1.*(th14.*x7-(t29.*th1)./(th8.*8.0));x1.*(t4-t30)];
mt2 = [x1.*(t3-t29.*th1.*2.500391799741333e-3);t2.*x1];
Xdot = [mt1;mt2];
