function dfdxSym = dfdx_model(t,in2,in3)
%DFDX_MODEL
%    dfdxSym = DFDX_MODEL(T,IN2,IN3)

%    This function was generated by the Symbolic Math Toolbox version 9.2.
%    31-May-2023 22:37:47

th1 = in3(1,:);
th2 = in3(2,:);
th3 = in3(3,:);
th7 = in3(4,:);
th8 = in3(5,:);
th11 = in3(6,:);
th12 = in3(7,:);
th13 = in3(8,:);
th14 = in3(9,:);
x1 = in2(1,:);
x2 = in2(2,:);
x3 = in2(3,:);
x4 = in2(4,:);
x5 = in2(5,:);
x6 = in2(6,:);
x7 = in2(7,:);
x8 = in2(8,:);
x9 = in2(9,:);
t2 = th11.*x2;
t3 = th12.*x3;
t4 = th13.*x4;
t5 = 1.0./th3;
t6 = 1.0./th7;
t7 = 1.0./th8;
t8 = x4.*3.5184372088832e+13;
t9 = x7.*3.5184372088832e+13;
t10 = x8.*3.5184372088832e+13;
t11 = x6.*7.0368744177664e+13;
t12 = x5.*1.125899906842624e+15;
t13 = x9.*2.251799813685248e+15;
t14 = x3.*1.801439850948198e+16;
t15 = x2.*7.378697629483821e+19;
t19 = x7+3.67890485041078e+1;
t20 = x8+4.9999999406895e+1;
t21 = x4+4.9999392660528e+1;
t22 = x6+1.68751497203814e+1;
t25 = x9+3.5997576222139;
t26 = x5+5.84877021264063;
t33 = x3+3.53407066939944e-1;
t53 = x2+1.00593104953139e-4;
t16 = t9+1.294399571362617e+15;
t17 = t10+1.759218583573573e+15;
t18 = t8+1.759197235583633e+15;
t23 = t11+1.187483093633297e+15;
t24 = t12+6.585129837555999e+15;
t27 = t13+8.105933543013311e+15;
t28 = 1.0./t19;
t29 = 1.0./t20;
t30 = 1.0./t21;
t36 = t14+6.366415739923327e+15;
t38 = 1.0./t22;
t42 = 1.0./t26;
t45 = 1.0./t25;
t50 = 1.0./t33;
t54 = t15+7.422461050601439e+15;
t59 = 1.0./t53;
t31 = t30.^2;
t32 = 1.0./t16.^2;
t34 = 1.0./t17.^2;
t35 = 1.0./t18.^2;
t37 = 1.0./t23.^2;
t39 = t29.*x8;
t40 = t30.*x4;
t43 = 1.0./t27.^2;
t44 = 1.0./t24.^2;
t46 = t28.*x7;
t47 = 1.0./t36.^2;
t48 = t38.*x6;
t49 = -t30;
t51 = t50.^2;
t52 = t42.*x5;
t55 = t45.*x9;
t56 = t50.*x3;
t58 = -t50;
t60 = t59.^2;
t61 = 1.0./t54.^2;
t62 = t59.*x2;
t64 = -t59;
t41 = t31.*x4;
t57 = t51.*x3;
t63 = t60.*x2;
t68 = t39+t40+t46+t48+t52+t55+t56+t62;
t65 = t41+t49;
t66 = t57+t58;
t67 = t63+t64;
mt1 = [-th2+(t68.*th1)./8.0,-t2-(t5.*t68.*th1)./8.0,-t3-t68.*th1.*1.049082969790315e-1,-t4-t68.*th1.*2.500000059310496e-3,t2+t3+t4-t68.*th1.*2.680384886305695e-1-th14.*x5,th14.*x6-(t6.*t68.*th1)./8.0,th14.*x7-(t7.*t68.*th1)./8.0];
mt2 = [t4-t68.*th1.*2.500000041938851e-3,t3-t68.*th1.*2.105773257114671e-1,t2,t61.*th1.*x1.*6.846011969876103e+34,-x1.*(th11+(t5.*th1.*(t59-t63))./8.0)];
mt3 = [t61.*th1.*x1.*(-5.745627654862134e+34),t61.*th1.*x1.*(-1.36920242645845e+33),x1.*(th11-th1.*(t59-t63).*2.680384886305695e-1)];
mt4 = [t6.*t61.*th1.*x1.*-6.846011969876103e+34,t7.*t61.*th1.*x1.*-6.846011969876103e+34,t61.*th1.*x1.*(-1.369202416944331e+33)];
mt5 = [t61.*th1.*x1.*(-1.153291913924162e+35),th11.*x1,t47.*th1.*x1.*1.433589377700218e+31,t5.*t47.*th1.*x1.*-1.433589377700218e+31,-x1.*(th12+th1.*(t50-t57).*1.049082969790315e-1)];
mt6 = [t47.*th1.*x1.*(-2.867178823421954e+29),x1.*(th12-th1.*(t50-t57).*2.680384886305695e-1),t6.*t47.*th1.*x1.*-1.433589377700218e+31,t7.*t47.*th1.*x1.*-1.433589377700218e+31];
mt7 = [t47.*th1.*x1.*(-2.867178803498908e+29),x1.*(th12-th1.*(t50-t57).*2.105773257114671e-1),0.0,t35.*th1.*x1.*7.737031264302399e+27,t5.*t35.*th1.*x1.*-7.737031264302399e+27];
mt8 = [t35.*th1.*x1.*(-6.493430188891902e+27),-x1.*(th13+th1.*(t30-t41).*2.500000059310496e-3),x1.*(th13-th1.*(t30-t41).*2.680384886305695e-1),t6.*t35.*th1.*x1.*-7.737031264302399e+27];
mt9 = [t7.*t35.*th1.*x1.*-7.737031264302399e+27,x1.*(th13-th1.*(t30-t41).*2.500000041938851e-3),t35.*th1.*x1.*(-1.303394682066248e+28),0.0,t44.*th1.*x1.*9.267746338313604e+29];
mt10 = [t5.*t44.*th1.*x1.*-9.267746338313604e+29,t44.*th1.*x1.*(-7.778107881489083e+29),t44.*th1.*x1.*(-1.853549311636692e+28)];
mt11 = [-x1.*(th14+th1.*(t42-t42.*t52).*2.680384886305695e-1),t6.*t44.*th1.*x1.*-9.267746338313604e+29,t7.*t44.*th1.*x1.*-9.267746338313604e+29,t44.*th1.*x1.*(-1.853549298757011e+28)];
mt12 = [t44.*th1.*x1.*(-1.561261791435456e+30),0.0,t37.*th1.*x1.*1.044521175389781e+28,t5.*t37.*th1.*x1.*-1.044521175389781e+28];
mt13 = [t37.*th1.*x1.*(-8.766315013494259e+27),t37.*th1.*x1.*(-2.089042400340418e+26),t37.*th1.*x1.*(-2.239775017552824e+28)];
mt14 = [x1.*(th14-(t6.*th1.*(t38-t38.*t48))./8.0),t7.*t37.*th1.*x1.*-1.044521175389781e+28,t37.*th1.*x1.*(-2.089042385824377e+26),t37.*th1.*x1.*(-1.759619806100628e+28),0.0];
mt15 = [t32.*th1.*x1.*5.692829518805871e+27,t5.*t32.*th1.*x1.*-5.692829518805871e+27,t32.*th1.*x1.*(-4.777800398479067e+27),t32.*th1.*x1.*(-1.138565930772738e+26)];
mt16 = [t32.*th1.*x1.*(-1.220717936201774e+28),t6.*t32.*th1.*x1.*-5.692829518805871e+27,x1.*(th14-(t7.*th1.*(t28-t28.*t46))./8.0),t32.*th1.*x1.*(-1.138565922861232e+26)];
mt17 = [t32.*th1.*x1.*(-9.590246526411507e+27),0.0,t34.*th1.*x1.*7.737125153755073e+27,t5.*t34.*th1.*x1.*-7.737125153755073e+27,t34.*th1.*x1.*(-6.493508987152577e+27)];
mt18 = [t34.*th1.*x1.*(-1.547425067462433e+26),t34.*th1.*x1.*(-1.659077866046458e+28),t6.*t34.*th1.*x1.*-7.737125153755073e+27,t7.*t34.*th1.*x1.*-7.737125153755073e+27];
mt19 = [t34.*th1.*x1.*(-1.547425056709906e+26),t34.*th1.*x1.*(-1.303410498858134e+28),0.0,t43.*th1.*x1.*2.281617455237797e+30];
mt20 = [t5.*t43.*th1.*x1.*-2.281617455237797e+30,t43.*th1.*x1.*(-1.914884812693032e+30),t43.*th1.*x1.*(-4.563235018734685e+28)];
mt21 = [t43.*th1.*x1.*(-4.892490354680521e+30),t6.*t43.*th1.*x1.*-2.281617455237797e+30,t7.*t43.*th1.*x1.*-2.281617455237797e+30];
mt22 = [t43.*th1.*x1.*(-4.563234987026325e+28),t43.*th1.*x1.*(-3.843655216164626e+30),0.0,0.0,0.0,0.0,0.0,0.0,0.0,0.0,0.0,0.0,0.0];
dfdxSym = reshape([mt1,mt2,mt3,mt4,mt5,mt6,mt7,mt8,mt9,mt10,mt11,mt12,mt13,mt14,mt15,mt16,mt17,mt18,mt19,mt20,mt21,mt22],10,10);
