function dfdxSym = dfdx_model(t,in2,in3)
%DFDX_MODEL
%    dfdxSym = DFDX_MODEL(T,IN2,IN3)

%    This function was generated by the Symbolic Math Toolbox version 9.2.
%    31-May-2023 23:04:52

th1 = in3(1,:);
th2 = in3(2,:);
th3 = in3(3,:);
th4 = in3(4,:);
th5 = in3(5,:);
th6 = in3(6,:);
th7 = in3(7,:);
th8 = in3(8,:);
th10 = in3(9,:);
th11 = in3(10,:);
th12 = in3(11,:);
th13 = in3(12,:);
th14 = in3(13,:);
th18 = in3(14,:);
x1 = in2(1,:);
x2 = in2(2,:);
x3 = in2(3,:);
x4 = in2(4,:);
x5 = in2(5,:);
x6 = in2(6,:);
x7 = in2(7,:);
x8 = in2(8,:);
x9 = in2(9,:);
t2 = th11.*x2;
t3 = th12.*x3;
t4 = th13.*x4;
t5 = th18+x5;
t6 = 1.0./th3;
t7 = 1.0./th4;
t8 = 1.0./th5;
t9 = 1.0./th6;
t10 = 1.0./th7;
t11 = 1.0./th8;
t12 = 1.0./th10;
t13 = x2+5.0e+1;
t14 = x4+5.0e+1;
t28 = x6.*3.5184372088832e+13;
t29 = x3.*2.81474976710656e+14;
t30 = x7.*1.40737488355328e+14;
t31 = x8.*1.40737488355328e+14;
t32 = x9.*1.40737488355328e+14;
t35 = x6+4.14964190890544e+1;
t37 = x3+2.19491164389871e+1;
t39 = x7+4.55219841529752e+1;
t40 = x8+4.99998982430964e+1;
t43 = x9+4.89808949505372e+1;
t15 = 1.0./t5;
t17 = 1.0./t13;
t19 = 1.0./t14;
t36 = t28+1.460025449583401e+15;
t38 = t32+6.893448132734773e+15;
t41 = t29+6.178127038483371e+15;
t42 = t30+6.406649714640773e+15;
t44 = t31+7.036860096755365e+15;
t46 = 1.0./t35;
t47 = 1.0./t43;
t49 = 1.0./t37;
t52 = 1.0./t39;
t53 = 1.0./t40;
t16 = t15.^2;
t18 = t17.^2;
t20 = t19.^2;
t21 = t15.*x5;
t22 = t17.*x2;
t24 = t19.*x4;
t26 = -t17;
t27 = -t19;
t45 = 1.0./t36.^2;
t48 = 1.0./t44.^2;
t50 = t49.^2;
t51 = 1.0./t38.^2;
t54 = 1.0./t41.^2;
t55 = 1.0./t42.^2;
t56 = t46.*x6;
t57 = t47.*x9;
t58 = t49.*x3;
t60 = t52.*x7;
t61 = t53.*x8;
t62 = -t49;
t23 = t18.*x2;
t25 = t20.*x4;
t59 = t50.*x3;
t64 = t21+t22+t24+t56+t57+t58+t60+t61;
t33 = t23+t26;
t34 = t25+t27;
t63 = t59+t62;
mt1 = [-th2+(t64.*th1)./8.0,-t2-(t6.*t64.*th1)./8.0,-t3-(t7.*t64.*th1)./8.0,-t4-(t8.*t64.*th1)./8.0,t2+t3+t4-th14.*x5-(t9.*t64.*th1)./8.0,th14.*x6-(t10.*t64.*th1)./8.0,th14.*x7-(t11.*t64.*th1)./8.0,t4-t64.*th1.*2.500000011131805e-3,t3-(t12.*t64.*th1)./8.0,t2,t18.*th1.*x1.*(2.5e+1./4.0),-x1.*(th11+(t6.*th1.*(t17-t23))./8.0),t7.*t18.*th1.*x1.*(-2.5e+1./4.0),t8.*t18.*th1.*x1.*(-2.5e+1./4.0)];
mt2 = [x1.*(th11-(t9.*th1.*(t17-t23))./8.0),t10.*t18.*th1.*x1.*(-2.5e+1./4.0),t11.*t18.*th1.*x1.*(-2.5e+1./4.0),t18.*th1.*x1.*(-1.250000005565903e-1),t12.*t18.*th1.*x1.*(-2.5e+1./4.0),th11.*x1,t54.*th1.*x1.*2.173735205340726e+29,t6.*t54.*th1.*x1.*-2.173735205340726e+29,-x1.*(th12+(t7.*th1.*(t49-t59))./8.0)];
mt3 = [t8.*t54.*th1.*x1.*-2.173735205340726e+29,x1.*(th12-(t9.*th1.*(t49-t59))./8.0),t10.*t54.*th1.*x1.*-2.173735205340726e+29,t11.*t54.*th1.*x1.*-2.173735205340726e+29,t54.*th1.*x1.*(-4.34747043003953e+27)];
mt4 = [x1.*(th12-(t12.*th1.*(t49-t59))./8.0),0.0,t20.*th1.*x1.*(2.5e+1./4.0),t6.*t20.*th1.*x1.*(-2.5e+1./4.0),t7.*t20.*th1.*x1.*(-2.5e+1./4.0),-x1.*(th13+(t8.*th1.*(t19-t25))./8.0),x1.*(th13-(t9.*th1.*(t19-t25))./8.0),t10.*t20.*th1.*x1.*(-2.5e+1./4.0),t11.*t20.*th1.*x1.*(-2.5e+1./4.0),x1.*(th13-th1.*(t19-t25).*2.500000011131805e-3),t12.*t20.*th1.*x1.*(-2.5e+1./4.0),0.0,(t16.*th1.*th18.*x1)./8.0,t6.*t16.*th1.*th18.*x1.*(-1.0./8.0),t7.*t16.*th1.*th18.*x1.*(-1.0./8.0)];
mt5 = [t8.*t16.*th1.*th18.*x1.*(-1.0./8.0),-x1.*(th14+(t9.*th1.*(t15-t16.*x5))./8.0),t10.*t16.*th1.*th18.*x1.*(-1.0./8.0),t11.*t16.*th1.*th18.*x1.*(-1.0./8.0),t16.*th1.*th18.*x1.*(-2.500000011131805e-3),t12.*t16.*th1.*th18.*x1.*(-1.0./8.0),0.0,t45.*th1.*x1.*6.421259834663326e+27,t6.*t45.*th1.*x1.*-6.421259834663326e+27];
mt6 = [t7.*t45.*th1.*x1.*-6.421259834663326e+27,t8.*t45.*th1.*x1.*-6.421259834663326e+27,t9.*t45.*th1.*x1.*-6.421259834663326e+27,x1.*(th14-(t10.*th1.*(t46-t46.*t56))./8.0),t11.*t45.*th1.*x1.*-6.421259834663326e+27];
mt7 = [t45.*th1.*x1.*(-1.284251972651082e+26),t12.*t45.*th1.*x1.*-6.421259834663326e+27,0.0,t55.*th1.*x1.*1.127069737013652e+29,t6.*t55.*th1.*x1.*-1.127069737013652e+29];
mt8 = [t7.*t55.*th1.*x1.*-1.127069737013652e+29,t8.*t55.*th1.*x1.*-1.127069737013652e+29,t9.*t55.*th1.*x1.*-1.127069737013652e+29,t10.*t55.*th1.*x1.*-1.127069737013652e+29,x1.*(th14-(t11.*th1.*(t52-t52.*t60))./8.0)];
mt9 = [t55.*th1.*x1.*(-2.25413948406436e+27),t12.*t55.*th1.*x1.*-1.127069737013652e+29,0.0,t48.*th1.*x1.*1.237937519906476e+29,t6.*t48.*th1.*x1.*-1.237937519906476e+29];
mt10 = [t7.*t48.*th1.*x1.*-1.237937519906476e+29,t8.*t48.*th1.*x1.*-1.237937519906476e+29,t9.*t48.*th1.*x1.*-1.237937519906476e+29,t10.*t48.*th1.*x1.*-1.237937519906476e+29,t11.*t48.*th1.*x1.*-1.237937519906476e+29];
mt11 = [t48.*th1.*x1.*(-2.475875050837335e+27),t12.*t48.*th1.*x1.*-1.237937519906476e+29,0.0,t51.*th1.*x1.*1.212708220386022e+29,t6.*t51.*th1.*x1.*-1.212708220386022e+29];
mt12 = [t7.*t51.*th1.*x1.*-1.212708220386022e+29,t8.*t51.*th1.*x1.*-1.212708220386022e+29,t9.*t51.*th1.*x1.*-1.212708220386022e+29,t10.*t51.*th1.*x1.*-1.212708220386022e+29,t11.*t51.*th1.*x1.*-1.212708220386022e+29];
mt13 = [t51.*th1.*x1.*(-2.42541645157175e+27),t12.*t51.*th1.*x1.*-1.212708220386022e+29,0.0,0.0,0.0,0.0,0.0,0.0,0.0,0.0,0.0,0.0,0.0];
dfdxSym = reshape([mt1,mt2,mt3,mt4,mt5,mt6,mt7,mt8,mt9,mt10,mt11,mt12,mt13],10,10);
