function Xdot = model(t,in2,in3)
%MODEL
%    Xdot = MODEL(T,IN2,IN3)

%    This function was generated by the Symbolic Math Toolbox version 9.2.
%    31-May-2023 23:04:52

th1 = in3(1,:);
th2 = in3(2,:);
th3 = in3(3,:);
th4 = in3(4,:);
th5 = in3(5,:);
th6 = in3(6,:);
th7 = in3(7,:);
th8 = in3(8,:);
th10 = in3(9,:);
th11 = in3(10,:);
th12 = in3(11,:);
th13 = in3(12,:);
th14 = in3(13,:);
th18 = in3(14,:);
x1 = in2(1,:);
x2 = in2(2,:);
x3 = in2(3,:);
x4 = in2(4,:);
x5 = in2(5,:);
x6 = in2(6,:);
x7 = in2(7,:);
x8 = in2(8,:);
x9 = in2(9,:);
t2 = th11.*x2;
t3 = th12.*x3;
t4 = th13.*x4;
t5 = th18+x5;
t6 = x2+5.0e+1;
t7 = x4+5.0e+1;
t14 = x6+4.14964190890544e+1;
t15 = x3+2.19491164389871e+1;
t16 = x7+4.55219841529752e+1;
t17 = x8+4.99998982430964e+1;
t18 = x9+4.89808949505372e+1;
t8 = 1.0./t5;
t9 = 1.0./t6;
t10 = 1.0./t7;
t19 = 1.0./t14;
t20 = 1.0./t18;
t21 = 1.0./t15;
t22 = 1.0./t16;
t23 = 1.0./t17;
t11 = t8.*x5;
t12 = t9.*x2;
t13 = t10.*x4;
t24 = t19.*x6;
t25 = t20.*x9;
t26 = t21.*x3;
t27 = t22.*x7;
t28 = t23.*x8;
t29 = t11+t12+t13+t24+t25+t26+t27+t28;
Xdot = [-x1.*(th2-(t29.*th1)./8.0);-x1.*(t2+(t29.*th1)./(th3.*8.0));-x1.*(t3+(t29.*th1)./(th4.*8.0));-x1.*(t4+(t29.*th1)./(th5.*8.0));x1.*(t2+t3+t4-th14.*x5-(t29.*th1)./(th6.*8.0));x1.*(th14.*x6-(t29.*th1)./(th7.*8.0));x1.*(th14.*x7-(t29.*th1)./(th8.*8.0));x1.*(t4-t29.*th1.*2.500000011131805e-3);x1.*(t3-(t29.*th1)./(th10.*8.0));t2.*x1];
