function dfdthSym = dfdth_model(t,in2,in3)
%DFDTH_MODEL
%    dfdthSym = DFDTH_MODEL(T,IN2,IN3)

%    This function was generated by the Symbolic Math Toolbox version 9.2.
%    31-May-2023 22:47:19

th1 = in3(1,:);
th3 = in3(3,:);
th7 = in3(4,:);
th8 = in3(5,:);
x1 = in2(1,:);
x2 = in2(2,:);
x3 = in2(3,:);
x4 = in2(4,:);
x5 = in2(5,:);
x6 = in2(6,:);
x7 = in2(7,:);
x8 = in2(8,:);
x9 = in2(9,:);
t2 = x1.*x2;
t3 = x1.*x3;
t4 = x1.*x4;
t5 = x8+3.7995870797099e+1;
t6 = x3+4.99999999906868e+1;
t7 = x6+2.19492689619356e+1;
t8 = x4+4.99999994988811e+1;
t9 = x9+1.86124538346878;
t10 = x7+1.66530861806818;
t11 = x5+3.84036420636605;
t14 = x2+8.16450007953423e-1;
t12 = 1.0./t6;
t13 = 1.0./t5;
t15 = 1.0./t7;
t16 = 1.0./t8;
t18 = 1.0./t11;
t20 = 1.0./t9;
t21 = 1.0./t10;
t24 = 1.0./t14;
t17 = t12.*x3;
t19 = t13.*x8;
t22 = t16.*x4;
t23 = t15.*x6;
t25 = t20.*x9;
t26 = t21.*x7;
t27 = t18.*x5;
t28 = t24.*x2;
t29 = t17.*2.50000000046566e-3;
t30 = t19.*2.50000000046566e-3;
t31 = t22.*2.50000000046566e-3;
t32 = t23.*2.50000000046566e-3;
t33 = t25.*2.50000000046566e-3;
t34 = t26.*2.50000000046566e-3;
t35 = t27.*2.50000000046566e-3;
t36 = t28.*2.50000000046566e-3;
t37 = t17+t19+t22+t23+t25+t26+t27+t28;
t38 = t29+t30+t31+t32+t33+t34+t35+t36;
t39 = t38.*x1;
t40 = -t39;
et1 = t17.*4.223924006036696e-2+t19.*4.223924006036696e-2+t22.*4.223924006036696e-2+t23.*4.223924006036696e-2+t25.*4.223924006036696e-2;
et2 = t26.*4.223924006036696e-2+t27.*4.223924006036696e-2+t28.*4.223924006036696e-2;
et3 = t17.*4.153991908225623e-1+t19.*4.153991908225623e-1+t22.*4.153991908225623e-1+t23.*4.153991908225623e-1+t25.*4.153991908225623e-1;
et4 = t26.*4.153991908225623e-1+t27.*4.153991908225623e-1+t28.*4.153991908225623e-1;
et5 = t17.*2.593753788511239e-1+t19.*2.593753788511239e-1+t22.*2.593753788511239e-1+t23.*2.593753788511239e-1+t25.*2.593753788511239e-1;
et6 = t26.*2.593753788511239e-1+t27.*2.593753788511239e-1+t28.*2.593753788511239e-1;
mt1 = [x1.*(t17./8.0+t19./8.0+t22./8.0+t23./8.0+t25./8.0+t26./8.0+t27./8.0+t28./8.0),(t37.*x1.*(-1.0./8.0))./th3,-x1.*(et1+et2),t40,-x1.*(et3+et4),(t37.*x1.*(-1.0./8.0))./th7,(t37.*x1.*(-1.0./8.0))./th8,t40,-x1.*(et5+et6),0.0,-x1,0.0,0.0,0.0,0.0,0.0,0.0,0.0,0.0,0.0,0.0,(t37.*th1.*1.0./th3.^2.*x1)./8.0,0.0,0.0,0.0,0.0,0.0,0.0,0.0,0.0,0.0,0.0,0.0,0.0,0.0,(t37.*th1.*1.0./th7.^2.*x1)./8.0,0.0,0.0,0.0,0.0,0.0,0.0,0.0,0.0,0.0,0.0,(t37.*th1.*1.0./th8.^2.*x1)./8.0,0.0,0.0,0.0,0.0,-t2,0.0,0.0,t2,0.0,0.0,0.0,0.0,t2];
mt2 = [0.0,0.0,-t3,0.0,t3,0.0,0.0,0.0,t3,0.0,0.0,0.0,0.0,-t4,t4,0.0,0.0,t4,0.0,0.0,0.0,0.0,0.0,0.0,-x1.*x5,x1.*x6,x1.*x7,0.0,0.0,0.0];
dfdthSym = reshape([mt1,mt2],10,9);
