function dfdthSym = dfdth_model(t,in2,in3)
%DFDTH_MODEL
%    dfdthSym = DFDTH_MODEL(T,IN2,IN3)

%    This function was generated by the Symbolic Math Toolbox version 9.2.
%    31-May-2023 22:30:26

th1 = in3(1,:);
th3 = in3(3,:);
th4 = in3(4,:);
th5 = in3(5,:);
th6 = in3(6,:);
th7 = in3(7,:);
th8 = in3(8,:);
th10 = in3(9,:);
th16 = in3(14,:);
th18 = in3(15,:);
x1 = in2(1,:);
x2 = in2(2,:);
x3 = in2(3,:);
x4 = in2(4,:);
x5 = in2(5,:);
x6 = in2(6,:);
x7 = in2(7,:);
x8 = in2(8,:);
x9 = in2(9,:);
t2 = th16+x3;
t3 = th18+x5;
t4 = x1.*x2;
t5 = x1.*x3;
t6 = x1.*x4;
t7 = 1.0./th3;
t8 = 1.0./th4;
t9 = 1.0./th5;
t10 = 1.0./th6;
t11 = 1.0./th7;
t12 = 1.0./th8;
t13 = 1.0./th10;
t20 = x7+3.67890485041078e+1;
t21 = x8+4.9999999406895e+1;
t22 = x4+4.9999392660528e+1;
t23 = x6+1.68751497203814e+1;
t24 = x9+3.5997576222139;
t34 = x2+1.00593104953139e-4;
t14 = 1.0./t2;
t16 = 1.0./t3;
t25 = 1.0./t20;
t26 = 1.0./t21;
t27 = 1.0./t22;
t28 = 1.0./t23;
t31 = 1.0./t24;
t36 = 1.0./t34;
t15 = t14.^2;
t17 = t16.^2;
t18 = t14.*x3;
t19 = t16.*x5;
t29 = t26.*x8;
t30 = t27.*x4;
t32 = t25.*x7;
t33 = t28.*x6;
t35 = t31.*x9;
t37 = t36.*x2;
t38 = t18+t19+t29+t30+t32+t33+t35+t37;
et1 = t18.*2.500000041938851e-3+t19.*2.500000041938851e-3+t29.*2.500000041938851e-3+t30.*2.500000041938851e-3+t32.*2.500000041938851e-3+t33.*2.500000041938851e-3;
et2 = t35.*2.500000041938851e-3+t37.*2.500000041938851e-3;
mt1 = [x1.*(t18./8.0+t19./8.0+t29./8.0+t30./8.0+t32./8.0+t33./8.0+t35./8.0+t37./8.0),t7.*t38.*x1.*(-1.0./8.0),t8.*t38.*x1.*(-1.0./8.0),t9.*t38.*x1.*(-1.0./8.0),t10.*t38.*x1.*(-1.0./8.0),t11.*t38.*x1.*(-1.0./8.0),t12.*t38.*x1.*(-1.0./8.0),-x1.*(et1+et2),t13.*t38.*x1.*(-1.0./8.0),0.0,-x1,0.0,0.0,0.0,0.0,0.0,0.0,0.0,0.0,0.0,0.0,(t7.^2.*t38.*th1.*x1)./8.0,0.0,0.0,0.0,0.0,0.0,0.0,0.0,0.0,0.0,0.0,(t8.^2.*t38.*th1.*x1)./8.0,0.0,0.0,0.0,0.0,0.0,0.0,0.0,0.0,0.0,0.0,(t9.^2.*t38.*th1.*x1)./8.0,0.0,0.0,0.0,0.0,0.0,0.0,0.0,0.0,0.0,0.0];
mt2 = [(t10.^2.*t38.*th1.*x1)./8.0,0.0,0.0,0.0,0.0,0.0,0.0,0.0,0.0,0.0,0.0,(t11.^2.*t38.*th1.*x1)./8.0,0.0,0.0,0.0,0.0,0.0,0.0,0.0,0.0,0.0,0.0,(t12.^2.*t38.*th1.*x1)./8.0,0.0,0.0,0.0,0.0,0.0,0.0,0.0,0.0,0.0,0.0,0.0,(t13.^2.*t38.*th1.*x1)./8.0,0.0,0.0,-t4,0.0,0.0,t4,0.0,0.0,0.0,0.0,t4,0.0,0.0,-t5,0.0,t5,0.0,0.0,0.0,t5,0.0,0.0,0.0,0.0,-t6,t6,0.0,0.0,t6,0.0,0.0,0.0,0.0,0.0,0.0,-x1.*x5,x1.*x6,x1.*x7,0.0,0.0,0.0,t5.*t15.*th1.*(-1.0./8.0),(t5.*t7.*t15.*th1)./8.0,(t5.*t8.*t15.*th1)./8.0,(t5.*t9.*t15.*th1)./8.0,(t5.*t10.*t15.*th1)./8.0,(t5.*t11.*t15.*th1)./8.0,(t5.*t12.*t15.*th1)./8.0];
mt3 = [t5.*t15.*th1.*2.500000041938851e-3,(t5.*t13.*t15.*th1)./8.0,0.0,t17.*th1.*x1.*x5.*(-1.0./8.0),(t7.*t17.*th1.*x1.*x5)./8.0,(t8.*t17.*th1.*x1.*x5)./8.0,(t9.*t17.*th1.*x1.*x5)./8.0,(t10.*t17.*th1.*x1.*x5)./8.0,(t11.*t17.*th1.*x1.*x5)./8.0,(t12.*t17.*th1.*x1.*x5)./8.0,t17.*th1.*x1.*x5.*2.500000041938851e-3,(t13.*t17.*th1.*x1.*x5)./8.0,0.0];
dfdthSym = reshape([mt1,mt2,mt3],10,15);
