function dfdxSym = dfdx_model(t,in2,in3)
%DFDX_MODEL
%    dfdxSym = DFDX_MODEL(T,IN2,IN3)

%    This function was generated by the Symbolic Math Toolbox version 9.2.
%    31-May-2023 22:30:26

th1 = in3(1,:);
th2 = in3(2,:);
th3 = in3(3,:);
th4 = in3(4,:);
th5 = in3(5,:);
th6 = in3(6,:);
th7 = in3(7,:);
th8 = in3(8,:);
th10 = in3(9,:);
th11 = in3(10,:);
th12 = in3(11,:);
th13 = in3(12,:);
th14 = in3(13,:);
th16 = in3(14,:);
th18 = in3(15,:);
x1 = in2(1,:);
x2 = in2(2,:);
x3 = in2(3,:);
x4 = in2(4,:);
x5 = in2(5,:);
x6 = in2(6,:);
x7 = in2(7,:);
x8 = in2(8,:);
x9 = in2(9,:);
t2 = th11.*x2;
t3 = th12.*x3;
t4 = th13.*x4;
t5 = th16+x3;
t6 = th18+x5;
t7 = 1.0./th3;
t8 = 1.0./th4;
t9 = 1.0./th5;
t10 = 1.0./th6;
t11 = 1.0./th7;
t12 = 1.0./th8;
t13 = 1.0./th10;
t22 = x4.*3.5184372088832e+13;
t23 = x7.*3.5184372088832e+13;
t24 = x8.*3.5184372088832e+13;
t25 = x6.*7.0368744177664e+13;
t26 = x9.*2.251799813685248e+15;
t28 = x2.*7.378697629483821e+19;
t32 = x7+3.67890485041078e+1;
t33 = x8+4.9999999406895e+1;
t34 = x4+4.9999392660528e+1;
t35 = x6+1.68751497203814e+1;
t37 = x9+3.5997576222139;
t56 = x2+1.00593104953139e-4;
t14 = 1.0./t5;
t16 = 1.0./t6;
t29 = t23+1.294399571362617e+15;
t30 = t24+1.759218583573573e+15;
t31 = t22+1.759197235583633e+15;
t36 = t25+1.187483093633297e+15;
t38 = t26+8.105933543013311e+15;
t39 = 1.0./t32;
t40 = 1.0./t33;
t41 = 1.0./t34;
t47 = 1.0./t35;
t52 = 1.0./t37;
t57 = t28+7.422461050601439e+15;
t59 = 1.0./t56;
t15 = t14.^2;
t17 = t16.^2;
t18 = t14.*x3;
t20 = t16.*x5;
t21 = -t14;
t42 = t41.^2;
t43 = 1.0./t29.^2;
t44 = 1.0./t30.^2;
t45 = 1.0./t31.^2;
t46 = 1.0./t36.^2;
t48 = t40.*x8;
t49 = t41.*x4;
t51 = 1.0./t38.^2;
t53 = t39.*x7;
t54 = t47.*x6;
t55 = -t41;
t58 = t52.*x9;
t60 = t59.^2;
t61 = 1.0./t57.^2;
t62 = t59.*x2;
t64 = -t59;
t19 = t15.*x3;
t50 = t42.*x4;
t63 = t60.*x2;
t67 = t18+t20+t48+t49+t53+t54+t58+t62;
t27 = t19+t21;
t65 = t50+t55;
t66 = t63+t64;
mt1 = [-th2+(t67.*th1)./8.0,-t2-(t7.*t67.*th1)./8.0,-t3-(t8.*t67.*th1)./8.0,-t4-(t9.*t67.*th1)./8.0,t2+t3+t4-th14.*x5-(t10.*t67.*th1)./8.0,th14.*x6-(t11.*t67.*th1)./8.0,th14.*x7-(t12.*t67.*th1)./8.0,t4-t67.*th1.*2.500000041938851e-3,t3-(t13.*t67.*th1)./8.0,t2,t61.*th1.*x1.*6.846011969876103e+34];
mt2 = [-x1.*(th11+(t7.*th1.*(t59-t63))./8.0),t8.*t61.*th1.*x1.*-6.846011969876103e+34,t9.*t61.*th1.*x1.*-6.846011969876103e+34,x1.*(th11-(t10.*th1.*(t59-t63))./8.0),t11.*t61.*th1.*x1.*-6.846011969876103e+34];
mt3 = [t12.*t61.*th1.*x1.*-6.846011969876103e+34,t61.*th1.*x1.*(-1.369202416944331e+33),t13.*t61.*th1.*x1.*-6.846011969876103e+34,th11.*x1,(t15.*th1.*th16.*x1)./8.0,t7.*t15.*th1.*th16.*x1.*(-1.0./8.0),-x1.*(th12+(t8.*th1.*(t14-t19))./8.0)];
mt4 = [t9.*t15.*th1.*th16.*x1.*(-1.0./8.0),x1.*(th12-(t10.*th1.*(t14-t19))./8.0),t11.*t15.*th1.*th16.*x1.*(-1.0./8.0),t12.*t15.*th1.*th16.*x1.*(-1.0./8.0),t15.*th1.*th16.*x1.*(-2.500000041938851e-3),x1.*(th12-(t13.*th1.*(t14-t19))./8.0),0.0,t45.*th1.*x1.*7.737031264302399e+27,t7.*t45.*th1.*x1.*-7.737031264302399e+27];
mt5 = [t8.*t45.*th1.*x1.*-7.737031264302399e+27,-x1.*(th13+(t9.*th1.*(t41-t50))./8.0),x1.*(th13-(t10.*th1.*(t41-t50))./8.0),t11.*t45.*th1.*x1.*-7.737031264302399e+27,t12.*t45.*th1.*x1.*-7.737031264302399e+27,x1.*(th13-th1.*(t41-t50).*2.500000041938851e-3)];
mt6 = [t13.*t45.*th1.*x1.*-7.737031264302399e+27,0.0,(t17.*th1.*th18.*x1)./8.0,t7.*t17.*th1.*th18.*x1.*(-1.0./8.0),t8.*t17.*th1.*th18.*x1.*(-1.0./8.0),t9.*t17.*th1.*th18.*x1.*(-1.0./8.0),-x1.*(th14+(t10.*th1.*(t16-t17.*x5))./8.0),t11.*t17.*th1.*th18.*x1.*(-1.0./8.0),t12.*t17.*th1.*th18.*x1.*(-1.0./8.0),t17.*th1.*th18.*x1.*(-2.500000041938851e-3),t13.*t17.*th1.*th18.*x1.*(-1.0./8.0),0.0,t46.*th1.*x1.*1.044521175389781e+28];
mt7 = [t7.*t46.*th1.*x1.*-1.044521175389781e+28,t8.*t46.*th1.*x1.*-1.044521175389781e+28,t9.*t46.*th1.*x1.*-1.044521175389781e+28,t10.*t46.*th1.*x1.*-1.044521175389781e+28,x1.*(th14-(t11.*th1.*(t47-t47.*t54))./8.0),t12.*t46.*th1.*x1.*-1.044521175389781e+28];
mt8 = [t46.*th1.*x1.*(-2.089042385824377e+26),t13.*t46.*th1.*x1.*-1.044521175389781e+28,0.0,t43.*th1.*x1.*5.692829518805871e+27,t7.*t43.*th1.*x1.*-5.692829518805871e+27,t8.*t43.*th1.*x1.*-5.692829518805871e+27];
mt9 = [t9.*t43.*th1.*x1.*-5.692829518805871e+27,t10.*t43.*th1.*x1.*-5.692829518805871e+27,t11.*t43.*th1.*x1.*-5.692829518805871e+27,x1.*(th14-(t12.*th1.*(t39-t39.*t53))./8.0),t43.*th1.*x1.*(-1.138565922861232e+26)];
mt10 = [t13.*t43.*th1.*x1.*-5.692829518805871e+27,0.0,t44.*th1.*x1.*7.737125153755073e+27,t7.*t44.*th1.*x1.*-7.737125153755073e+27,t8.*t44.*th1.*x1.*-7.737125153755073e+27,t9.*t44.*th1.*x1.*-7.737125153755073e+27];
mt11 = [t10.*t44.*th1.*x1.*-7.737125153755073e+27,t11.*t44.*th1.*x1.*-7.737125153755073e+27,t12.*t44.*th1.*x1.*-7.737125153755073e+27,t44.*th1.*x1.*(-1.547425056709906e+26),t13.*t44.*th1.*x1.*-7.737125153755073e+27];
mt12 = [0.0,t51.*th1.*x1.*2.281617455237797e+30,t7.*t51.*th1.*x1.*-2.281617455237797e+30,t8.*t51.*th1.*x1.*-2.281617455237797e+30,t9.*t51.*th1.*x1.*-2.281617455237797e+30,t10.*t51.*th1.*x1.*-2.281617455237797e+30];
mt13 = [t11.*t51.*th1.*x1.*-2.281617455237797e+30,t12.*t51.*th1.*x1.*-2.281617455237797e+30,t51.*th1.*x1.*(-4.563234987026325e+28),t13.*t51.*th1.*x1.*-2.281617455237797e+30,0.0,0.0,0.0,0.0,0.0,0.0,0.0,0.0,0.0,0.0,0.0];
dfdxSym = reshape([mt1,mt2,mt3,mt4,mt5,mt6,mt7,mt8,mt9,mt10,mt11,mt12,mt13],10,10);
