function x0Sym = x0_model(in1)
%X0_MODEL
%    x0Sym = X0_MODEL(IN1)

%    This function was generated by the Symbolic Math Toolbox version 9.2.
%    31-May-2023 22:30:27

mt1 = [1.457000001e-1;1.22072954801e+1;8.0000000001;4.6164233761;1.3396884501;1.0e-10;1.0e-10];
mt2 = [4.8635454811;1.0e-10;1.0e-10];
x0Sym = [mt1;mt2];
