function dfdthSym = dfdth_model(t,in2,in3)
%DFDTH_MODEL
%    dfdthSym = DFDTH_MODEL(T,IN2,IN3)

%    This function was generated by the Symbolic Math Toolbox version 9.2.
%    31-May-2023 21:34:06

th1 = in3(1,:);
th3 = in3(3,:);
th4 = in3(4,:);
th5 = in3(5,:);
th6 = in3(6,:);
th7 = in3(7,:);
th8 = in3(8,:);
th9 = in3(9,:);
th10 = in3(10,:);
th19 = in3(15,:);
th22 = in3(16,:);
x1 = in2(1,:);
x2 = in2(2,:);
x3 = in2(3,:);
x4 = in2(4,:);
x5 = in2(5,:);
x6 = in2(6,:);
x7 = in2(7,:);
x8 = in2(8,:);
x9 = in2(9,:);
t2 = th19+x6;
t3 = th22+x9;
t4 = x1.*x2;
t5 = x1.*x3;
t6 = x1.*x4;
t7 = 1.0./th3;
t8 = 1.0./th4;
t9 = 1.0./th5;
t10 = 1.0./th6;
t11 = 1.0./th7;
t12 = 1.0./th8;
t13 = 1.0./th9;
t14 = 1.0./th10;
t15 = x2+5.0e+1;
t24 = x5+4.37180387399094e+1;
t25 = x3+4.99954399431281e+1;
t26 = x8+1.88091400530181e+1;
t27 = x7+4.99999999939224e+1;
t32 = x4+1.23342243728317e-3;
t16 = 1.0./t2;
t18 = 1.0./t3;
t20 = 1.0./t15;
t28 = 1.0./t26;
t29 = 1.0./t27;
t30 = 1.0./t24;
t31 = 1.0./t25;
t37 = 1.0./t32;
t17 = t16.^2;
t19 = t18.^2;
t21 = t16.*x6;
t22 = t18.*x9;
t23 = t20.*x2;
t33 = t29.*x7;
t34 = t30.*x5;
t35 = t31.*x3;
t36 = t28.*x8;
t38 = t37.*x4;
t39 = t21+t22+t23+t33+t34+t35+t36+t38;
mt1 = [x1.*(t21./8.0+t22./8.0+t23./8.0+t33./8.0+t34./8.0+t35./8.0+t36./8.0+t38./8.0),t7.*t39.*x1.*(-1.0./8.0),t8.*t39.*x1.*(-1.0./8.0),t9.*t39.*x1.*(-1.0./8.0),t10.*t39.*x1.*(-1.0./8.0),t11.*t39.*x1.*(-1.0./8.0),t12.*t39.*x1.*(-1.0./8.0),t13.*t39.*x1.*(-1.0./8.0),t14.*t39.*x1.*(-1.0./8.0),0.0,-x1,0.0,0.0,0.0,0.0,0.0,0.0,0.0,0.0,0.0,0.0,(t7.^2.*t39.*th1.*x1)./8.0,0.0,0.0,0.0,0.0,0.0,0.0,0.0,0.0,0.0,0.0,(t8.^2.*t39.*th1.*x1)./8.0,0.0,0.0,0.0,0.0,0.0,0.0,0.0,0.0,0.0,0.0,(t9.^2.*t39.*th1.*x1)./8.0,0.0,0.0,0.0,0.0,0.0,0.0,0.0,0.0,0.0];
mt2 = [0.0,(t10.^2.*t39.*th1.*x1)./8.0,0.0,0.0,0.0,0.0,0.0,0.0,0.0,0.0,0.0,0.0,(t11.^2.*t39.*th1.*x1)./8.0,0.0,0.0,0.0,0.0,0.0,0.0,0.0,0.0,0.0,0.0,(t12.^2.*t39.*th1.*x1)./8.0,0.0,0.0,0.0,0.0,0.0,0.0,0.0,0.0,0.0,0.0,(t13.^2.*t39.*th1.*x1)./8.0,0.0,0.0,0.0,0.0,0.0,0.0,0.0,0.0,0.0,0.0,(t14.^2.*t39.*th1.*x1)./8.0,0.0,0.0,-t4,0.0,0.0,t4,0.0,0.0,0.0,0.0,t4,0.0,0.0,-t5,0.0,t5,0.0,0.0,0.0,t5,0.0,0.0,0.0,0.0,-t6,t6,0.0,0.0,t6,0.0,0.0,0.0,0.0,0.0,0.0,-x1.*x5,x1.*x6,x1.*x7,0.0,0.0,0.0,t17.*th1.*x1.*x6.*(-1.0./8.0),(t7.*t17.*th1.*x1.*x6)./8.0,(t8.*t17.*th1.*x1.*x6)./8.0,(t9.*t17.*th1.*x1.*x6)./8.0];
mt3 = [(t10.*t17.*th1.*x1.*x6)./8.0,(t11.*t17.*th1.*x1.*x6)./8.0,(t12.*t17.*th1.*x1.*x6)./8.0,(t13.*t17.*th1.*x1.*x6)./8.0,(t14.*t17.*th1.*x1.*x6)./8.0,0.0,t19.*th1.*x1.*x9.*(-1.0./8.0),(t7.*t19.*th1.*x1.*x9)./8.0,(t8.*t19.*th1.*x1.*x9)./8.0,(t9.*t19.*th1.*x1.*x9)./8.0,(t10.*t19.*th1.*x1.*x9)./8.0,(t11.*t19.*th1.*x1.*x9)./8.0,(t12.*t19.*th1.*x1.*x9)./8.0,(t13.*t19.*th1.*x1.*x9)./8.0,(t14.*t19.*th1.*x1.*x9)./8.0,0.0];
dfdthSym = reshape([mt1,mt2,mt3],10,16);
