function dfdxSym = dfdx_model(t,in2,in3)
%DFDX_MODEL
%    dfdxSym = DFDX_MODEL(T,IN2,IN3)

%    This function was generated by the Symbolic Math Toolbox version 9.2.
%    31-May-2023 21:34:05

th1 = in3(1,:);
th2 = in3(2,:);
th3 = in3(3,:);
th4 = in3(4,:);
th5 = in3(5,:);
th6 = in3(6,:);
th7 = in3(7,:);
th8 = in3(8,:);
th9 = in3(9,:);
th10 = in3(10,:);
th11 = in3(11,:);
th12 = in3(12,:);
th13 = in3(13,:);
th14 = in3(14,:);
th19 = in3(15,:);
th22 = in3(16,:);
x1 = in2(1,:);
x2 = in2(2,:);
x3 = in2(3,:);
x4 = in2(4,:);
x5 = in2(5,:);
x6 = in2(6,:);
x7 = in2(7,:);
x8 = in2(8,:);
x9 = in2(9,:);
t2 = th11.*x2;
t3 = th12.*x3;
t4 = th13.*x4;
t5 = th19+x6;
t6 = th22+x9;
t7 = 1.0./th3;
t8 = 1.0./th4;
t9 = 1.0./th5;
t10 = 1.0./th6;
t11 = 1.0./th7;
t12 = 1.0./th8;
t13 = 1.0./th9;
t14 = 1.0./th10;
t15 = x2+5.0e+1;
t27 = x3.*1.40737488355328e+14;
t28 = x5.*7.0368744177664e+13;
t29 = x7.*7.0368744177664e+13;
t30 = x8.*2.81474976710656e+14;
t32 = x4.*4.611686018427388e+18;
t34 = x5+4.37180387399094e+1;
t36 = x3+4.99954399431281e+1;
t38 = x8+1.88091400530181e+1;
t40 = x7+4.99999999939224e+1;
t50 = x4+1.23342243728317e-3;
t16 = 1.0./t5;
t18 = 1.0./t6;
t20 = 1.0./t15;
t33 = t30+5.294302258370737e+15;
t35 = t29+3.518437208455527e+15;
t37 = t28+3.076383484037889e+15;
t39 = t27+7.036232646815491e+15;
t41 = 1.0./t38;
t43 = 1.0./t40;
t45 = 1.0./t34;
t47 = 1.0./t36;
t51 = t32+5.688157008833427e+15;
t58 = 1.0./t50;
t17 = t16.^2;
t19 = t18.^2;
t21 = t20.^2;
t22 = t16.*x6;
t23 = t18.*x9;
t24 = t20.*x2;
t26 = -t20;
t42 = 1.0./t39.^2;
t44 = 1.0./t33.^2;
t46 = 1.0./t35.^2;
t48 = t47.^2;
t49 = 1.0./t37.^2;
t52 = t43.*x7;
t53 = t45.*x5;
t54 = t47.*x3;
t56 = t41.*x8;
t57 = -t47;
t59 = t58.^2;
t60 = 1.0./t51.^2;
t61 = t58.*x4;
t63 = -t58;
t25 = t21.*x2;
t55 = t48.*x3;
t62 = t59.*x4;
t66 = t22+t23+t24+t52+t53+t54+t56+t61;
t31 = t25+t26;
t64 = t55+t57;
t65 = t62+t63;
mt1 = [-th2+(t66.*th1)./8.0,-t2-(t7.*t66.*th1)./8.0,-t3-(t8.*t66.*th1)./8.0,-t4-(t9.*t66.*th1)./8.0,t2+t3+t4-th14.*x5-(t10.*t66.*th1)./8.0,th14.*x6-(t11.*t66.*th1)./8.0,th14.*x7-(t12.*t66.*th1)./8.0,t4-(t13.*t66.*th1)./8.0,t3-(t14.*t66.*th1)./8.0,t2,t21.*th1.*x1.*(2.5e+1./4.0),-x1.*(th11+(t7.*th1.*(t20-t25))./8.0),t8.*t21.*th1.*x1.*(-2.5e+1./4.0),t9.*t21.*th1.*x1.*(-2.5e+1./4.0),x1.*(th11-(t10.*th1.*(t20-t25))./8.0),t11.*t21.*th1.*x1.*(-2.5e+1./4.0)];
mt2 = [t12.*t21.*th1.*x1.*(-2.5e+1./4.0),t13.*t21.*th1.*x1.*(-2.5e+1./4.0),t14.*t21.*th1.*x1.*(-2.5e+1./4.0),th11.*x1,t42.*th1.*x1.*1.237827137745717e+29,t7.*t42.*th1.*x1.*-1.237827137745717e+29,-x1.*(th12+(t8.*th1.*(t47-t55))./8.0),t9.*t42.*th1.*x1.*-1.237827137745717e+29,x1.*(th12-(t10.*th1.*(t47-t55))./8.0)];
mt3 = [t11.*t42.*th1.*x1.*-1.237827137745717e+29,t12.*t42.*th1.*x1.*-1.237827137745717e+29,t13.*t42.*th1.*x1.*-1.237827137745717e+29,x1.*(th12-(t14.*th1.*(t47-t55))./8.0),0.0,t60.*th1.*x1.*3.278999268532108e+33];
mt4 = [t7.*t60.*th1.*x1.*-3.278999268532108e+33,t8.*t60.*th1.*x1.*-3.278999268532108e+33,-x1.*(th13+(t9.*th1.*(t58-t62))./8.0),x1.*(th13-(t10.*th1.*(t58-t62))./8.0),t11.*t60.*th1.*x1.*-3.278999268532108e+33,t12.*t60.*th1.*x1.*-3.278999268532108e+33];
mt5 = [x1.*(th13-(t13.*th1.*(t58-t62))./8.0),t14.*t60.*th1.*x1.*-3.278999268532108e+33,0.0,t49.*th1.*x1.*2.706015529758161e+28,t7.*t49.*th1.*x1.*-2.706015529758161e+28,t8.*t49.*th1.*x1.*-2.706015529758161e+28,t9.*t49.*th1.*x1.*-2.706015529758161e+28];
mt6 = [-x1.*(th14+(t10.*th1.*(t45-t45.*t53))./8.0),t11.*t49.*th1.*x1.*-2.706015529758161e+28,t12.*t49.*th1.*x1.*-2.706015529758161e+28,t13.*t49.*th1.*x1.*-2.706015529758161e+28,t14.*t49.*th1.*x1.*-2.706015529758161e+28,0.0,(t17.*th1.*th19.*x1)./8.0,t7.*t17.*th1.*th19.*x1.*(-1.0./8.0),t8.*t17.*th1.*th19.*x1.*(-1.0./8.0)];
mt7 = [t9.*t17.*th1.*th19.*x1.*(-1.0./8.0),t10.*t17.*th1.*th19.*x1.*(-1.0./8.0),x1.*(th14-(t11.*th1.*(t16-t17.*x6))./8.0),t12.*t17.*th1.*th19.*x1.*(-1.0./8.0),t13.*t17.*th1.*th19.*x1.*(-1.0./8.0),t14.*t17.*th1.*th19.*x1.*(-1.0./8.0),0.0,t46.*th1.*x1.*3.094850097837266e+28,t7.*t46.*th1.*x1.*-3.094850097837266e+28,t8.*t46.*th1.*x1.*-3.094850097837266e+28];
mt8 = [t9.*t46.*th1.*x1.*-3.094850097837266e+28,t10.*t46.*th1.*x1.*-3.094850097837266e+28,t11.*t46.*th1.*x1.*-3.094850097837266e+28,x1.*(th14-(t12.*th1.*(t43-t43.*t52))./8.0),t13.*t46.*th1.*x1.*-3.094850097837266e+28,t14.*t46.*th1.*x1.*-3.094850097837266e+28,0.0];
mt9 = [t44.*th1.*x1.*1.862767006092596e+29,t7.*t44.*th1.*x1.*-1.862767006092596e+29,t8.*t44.*th1.*x1.*-1.862767006092596e+29,t9.*t44.*th1.*x1.*-1.862767006092596e+29,t10.*t44.*th1.*x1.*-1.862767006092596e+29];
mt10 = [t11.*t44.*th1.*x1.*-1.862767006092596e+29,t12.*t44.*th1.*x1.*-1.862767006092596e+29,t13.*t44.*th1.*x1.*-1.862767006092596e+29,t14.*t44.*th1.*x1.*-1.862767006092596e+29,0.0,(t19.*th1.*th22.*x1)./8.0,t7.*t19.*th1.*th22.*x1.*(-1.0./8.0),t8.*t19.*th1.*th22.*x1.*(-1.0./8.0),t9.*t19.*th1.*th22.*x1.*(-1.0./8.0),t10.*t19.*th1.*th22.*x1.*(-1.0./8.0)];
mt11 = [t11.*t19.*th1.*th22.*x1.*(-1.0./8.0),t12.*t19.*th1.*th22.*x1.*(-1.0./8.0),t13.*t19.*th1.*th22.*x1.*(-1.0./8.0),t14.*t19.*th1.*th22.*x1.*(-1.0./8.0),0.0,0.0,0.0,0.0,0.0,0.0,0.0,0.0,0.0,0.0,0.0];
dfdxSym = reshape([mt1,mt2,mt3,mt4,mt5,mt6,mt7,mt8,mt9,mt10,mt11],10,10);
