function dfdthSym = dfdth_model(t,in2,in3)
%DFDTH_MODEL
%    dfdthSym = DFDTH_MODEL(T,IN2,IN3)

%    This function was generated by the Symbolic Math Toolbox version 9.2.
%    31-May-2023 21:38:04

th1 = in3(1,:);
th3 = in3(3,:);
th4 = in3(4,:);
th5 = in3(5,:);
th6 = in3(6,:);
th7 = in3(7,:);
th8 = in3(8,:);
th10 = in3(9,:);
th22 = in3(13,:);
x1 = in2(1,:);
x2 = in2(2,:);
x3 = in2(3,:);
x4 = in2(4,:);
x5 = in2(5,:);
x6 = in2(6,:);
x7 = in2(7,:);
x8 = in2(8,:);
x9 = in2(9,:);
t2 = th22+x9;
t3 = x1.*x3;
t4 = x1.*x4;
t5 = 1.0./th3;
t6 = 1.0./th4;
t7 = 1.0./th5;
t8 = 1.0./th6;
t9 = 1.0./th7;
t10 = 1.0./th8;
t11 = 1.0./th10;
t12 = x2+5.0e+1;
t18 = x6+4.95506770873895e+1;
t19 = x5+4.37180387399094e+1;
t20 = x3+4.99954399431281e+1;
t21 = x8+1.88091400530181e+1;
t22 = x7+4.99999999939224e+1;
t28 = x4+1.23342243728317e-3;
t13 = 1.0./t2;
t15 = 1.0./t12;
t23 = 1.0./t21;
t24 = 1.0./t22;
t25 = 1.0./t18;
t26 = 1.0./t19;
t27 = 1.0./t20;
t34 = 1.0./t28;
t14 = t13.^2;
t16 = t13.*x9;
t17 = t15.*x2;
t29 = t24.*x7;
t30 = t25.*x6;
t31 = t26.*x5;
t32 = t27.*x3;
t33 = t23.*x8;
t35 = t34.*x4;
t36 = t16+t17+t29+t30+t31+t32+t33+t35;
et1 = t16.*2.502801109457882e-3+t17.*2.502801109457882e-3+t29.*2.502801109457882e-3+t30.*2.502801109457882e-3+t31.*2.502801109457882e-3+t32.*2.502801109457882e-3;
et2 = t33.*2.502801109457882e-3+t35.*2.502801109457882e-3;
mt1 = [x1.*(t16./8.0+t17./8.0+t29./8.0+t30./8.0+t31./8.0+t32./8.0+t33./8.0+t35./8.0),t5.*t36.*x1.*(-1.0./8.0),t6.*t36.*x1.*(-1.0./8.0),t7.*t36.*x1.*(-1.0./8.0),t8.*t36.*x1.*(-1.0./8.0),t9.*t36.*x1.*(-1.0./8.0),t10.*t36.*x1.*(-1.0./8.0),-x1.*(et1+et2),t11.*t36.*x1.*(-1.0./8.0),0.0,-x1,0.0,0.0,0.0,0.0,0.0,0.0,0.0,0.0,0.0,0.0,(t5.^2.*t36.*th1.*x1)./8.0,0.0,0.0,0.0,0.0,0.0,0.0,0.0,0.0,0.0,0.0,(t6.^2.*t36.*th1.*x1)./8.0,0.0,0.0,0.0,0.0,0.0,0.0,0.0,0.0,0.0,0.0,(t7.^2.*t36.*th1.*x1)./8.0,0.0,0.0,0.0,0.0,0.0,0.0,0.0,0.0,0.0,0.0];
mt2 = [(t8.^2.*t36.*th1.*x1)./8.0,0.0,0.0,0.0,0.0,0.0,0.0,0.0,0.0,0.0,0.0,(t9.^2.*t36.*th1.*x1)./8.0,0.0,0.0,0.0,0.0,0.0,0.0,0.0,0.0,0.0,0.0,(t10.^2.*t36.*th1.*x1)./8.0,0.0,0.0,0.0,0.0,0.0,0.0,0.0,0.0,0.0,0.0,0.0,(t11.^2.*t36.*th1.*x1)./8.0,0.0,0.0,0.0,-t3,0.0,t3,0.0,0.0,0.0,t3,0.0,0.0,0.0,0.0,-t4,t4,0.0,0.0,t4,0.0,0.0,0.0,0.0,0.0,0.0,-x1.*x5,x1.*x6,x1.*x7,0.0,0.0,0.0,t14.*th1.*x1.*x9.*(-1.0./8.0),(t5.*t14.*th1.*x1.*x9)./8.0,(t6.*t14.*th1.*x1.*x9)./8.0,(t7.*t14.*th1.*x1.*x9)./8.0,(t8.*t14.*th1.*x1.*x9)./8.0,(t9.*t14.*th1.*x1.*x9)./8.0,(t10.*t14.*th1.*x1.*x9)./8.0];
mt3 = [t14.*th1.*x1.*x9.*2.502801109457882e-3,(t11.*t14.*th1.*x1.*x9)./8.0,0.0];
dfdthSym = reshape([mt1,mt2,mt3],10,13);
