function dfdxSym = dfdx_model(t,in2,in3)
%DFDX_MODEL
%    dfdxSym = DFDX_MODEL(T,IN2,IN3)

%    This function was generated by the Symbolic Math Toolbox version 9.2.
%    31-May-2023 21:38:04

th1 = in3(1,:);
th2 = in3(2,:);
th3 = in3(3,:);
th4 = in3(4,:);
th5 = in3(5,:);
th6 = in3(6,:);
th7 = in3(7,:);
th8 = in3(8,:);
th10 = in3(9,:);
th12 = in3(10,:);
th13 = in3(11,:);
th14 = in3(12,:);
th22 = in3(13,:);
x1 = in2(1,:);
x2 = in2(2,:);
x3 = in2(3,:);
x4 = in2(4,:);
x5 = in2(5,:);
x6 = in2(6,:);
x7 = in2(7,:);
x8 = in2(8,:);
x9 = in2(9,:);
t2 = th12.*x3;
t3 = th13.*x4;
t4 = th22+x9;
t5 = 1.0./th3;
t6 = 1.0./th4;
t7 = 1.0./th5;
t8 = 1.0./th6;
t9 = 1.0./th7;
t10 = 1.0./th8;
t11 = 1.0./th10;
t12 = x2+5.0e+1;
t20 = x2./1.0e+4;
t22 = x3.*1.40737488355328e+14;
t23 = x5.*7.0368744177664e+13;
t24 = x6.*7.0368744177664e+13;
t25 = x7.*7.0368744177664e+13;
t26 = x8.*2.81474976710656e+14;
t28 = x4.*4.611686018427388e+18;
t30 = x6+4.95506770873895e+1;
t31 = x5+4.37180387399094e+1;
t33 = x3+4.99954399431281e+1;
t36 = x8+1.88091400530181e+1;
t38 = x7+4.99999999939224e+1;
t50 = x4+1.23342243728317e-3;
t13 = 1.0./t4;
t15 = 1.0./t12;
t29 = t26+5.294302258370737e+15;
t32 = t25+3.518437208455527e+15;
t34 = t24+3.486818919792549e+15;
t35 = t23+3.076383484037889e+15;
t37 = t22+7.036232646815491e+15;
t39 = 1.0./t36;
t41 = 1.0./t38;
t43 = 1.0./t30;
t44 = 1.0./t31;
t46 = 1.0./t33;
t51 = t28+5.688157008833427e+15;
t59 = 1.0./t50;
t14 = t13.^2;
t16 = t15.^2;
t17 = t13.*x9;
t18 = t15.*x2;
t21 = -t15;
t40 = 1.0./t37.^2;
t42 = 1.0./t29.^2;
t45 = 1.0./t32.^2;
t47 = t46.^2;
t48 = 1.0./t34.^2;
t49 = 1.0./t35.^2;
t52 = t41.*x7;
t53 = t43.*x6;
t54 = t44.*x5;
t55 = t46.*x3;
t57 = t39.*x8;
t58 = -t46;
t60 = t59.^2;
t61 = 1.0./t51.^2;
t62 = t59.*x4;
t64 = -t59;
t19 = t16.*x2;
t56 = t47.*x3;
t63 = t60.*x4;
t67 = t17+t18+t52+t53+t54+t55+t57+t62;
t27 = t19+t21;
t65 = t56+t58;
t66 = t63+t64;
mt1 = [-th2+(t67.*th1)./8.0,-t20-(t5.*t67.*th1)./8.0,-t2-(t6.*t67.*th1)./8.0,-t3-(t7.*t67.*th1)./8.0,t2+t3+t20-th14.*x5-(t8.*t67.*th1)./8.0,th14.*x6-(t9.*t67.*th1)./8.0,th14.*x7-(t10.*t67.*th1)./8.0,t3-t67.*th1.*2.502801109457882e-3,t2-(t11.*t67.*th1)./8.0,t20,t16.*th1.*x1.*(2.5e+1./4.0),-x1.*((t5.*th1.*(t15-t19))./8.0+1.0e-4),t6.*t16.*th1.*x1.*(-2.5e+1./4.0),t7.*t16.*th1.*x1.*(-2.5e+1./4.0)];
mt2 = [-x1.*((t8.*th1.*(t15-t19))./8.0-1.0e-4),t9.*t16.*th1.*x1.*(-2.5e+1./4.0),t10.*t16.*th1.*x1.*(-2.5e+1./4.0),t16.*th1.*x1.*(-1.251400554728941e-1),t11.*t16.*th1.*x1.*(-2.5e+1./4.0),x1./1.0e+4,t40.*th1.*x1.*1.237827137745717e+29,t5.*t40.*th1.*x1.*-1.237827137745717e+29,-x1.*(th12+(t6.*th1.*(t46-t56))./8.0)];
mt3 = [t7.*t40.*th1.*x1.*-1.237827137745717e+29,x1.*(th12-(t8.*th1.*(t46-t56))./8.0),t9.*t40.*th1.*x1.*-1.237827137745717e+29,t10.*t40.*th1.*x1.*-1.237827137745717e+29,t40.*th1.*x1.*(-2.478428106933644e+27)];
mt4 = [x1.*(th12-(t11.*th1.*(t46-t56))./8.0),0.0,t61.*th1.*x1.*3.278999268532108e+33,t5.*t61.*th1.*x1.*-3.278999268532108e+33,t6.*t61.*th1.*x1.*-3.278999268532108e+33,-x1.*(th13+(t7.*th1.*(t59-t63))./8.0),x1.*(th13-(t8.*th1.*(t59-t63))./8.0)];
mt5 = [t9.*t61.*th1.*x1.*-3.278999268532108e+33,t10.*t61.*th1.*x1.*-3.278999268532108e+33,x1.*(th13-th1.*(t59-t63).*2.502801109457882e-3),t11.*t61.*th1.*x1.*-3.278999268532108e+33,0.0,t49.*th1.*x1.*2.706015529758161e+28];
mt6 = [t5.*t49.*th1.*x1.*-2.706015529758161e+28,t6.*t49.*th1.*x1.*-2.706015529758161e+28,t7.*t49.*th1.*x1.*-2.706015529758161e+28,-x1.*(th14+(t8.*th1.*(t44-t44.*t54))./8.0),t9.*t49.*th1.*x1.*-2.706015529758161e+28,t10.*t49.*th1.*x1.*-2.706015529758161e+28];
mt7 = [t49.*th1.*x1.*(-5.418094936071187e+26),t11.*t49.*th1.*x1.*-2.706015529758161e+28,0.0,t48.*th1.*x1.*3.067038357009008e+28,t5.*t48.*th1.*x1.*-3.067038357009008e+28];
mt8 = [t6.*t48.*th1.*x1.*-3.067038357009008e+28,t7.*t48.*th1.*x1.*-3.067038357009008e+28,t8.*t48.*th1.*x1.*-3.067038357009008e+28,x1.*(th14-(t9.*th1.*(t43-t43.*t53))./8.0),t10.*t48.*th1.*x1.*-3.067038357009008e+28];
mt9 = [t48.*th1.*x1.*(-6.140949602137618e+26),t11.*t48.*th1.*x1.*-3.067038357009008e+28,0.0,t45.*th1.*x1.*3.094850097837266e+28,t5.*t45.*th1.*x1.*-3.094850097837266e+28];
mt10 = [t6.*t45.*th1.*x1.*-3.094850097837266e+28,t7.*t45.*th1.*x1.*-3.094850097837266e+28,t8.*t45.*th1.*x1.*-3.094850097837266e+28,t9.*t45.*th1.*x1.*-3.094850097837266e+28,x1.*(th14-(t10.*th1.*(t41-t41.*t52))./8.0)];
mt11 = [t45.*th1.*x1.*(-6.196635406778354e+26),t11.*t45.*th1.*x1.*-3.094850097837266e+28,0.0,t42.*th1.*x1.*1.862767006092596e+29,t5.*t42.*th1.*x1.*-1.862767006092596e+29];
mt12 = [t6.*t42.*th1.*x1.*-1.862767006092596e+29,t7.*t42.*th1.*x1.*-1.862767006092596e+29,t8.*t42.*th1.*x1.*-1.862767006092596e+29,t9.*t42.*th1.*x1.*-1.862767006092596e+29,t10.*t42.*th1.*x1.*-1.862767006092596e+29];
mt13 = [t42.*th1.*x1.*(-3.729708263608068e+27),t11.*t42.*th1.*x1.*-1.862767006092596e+29,0.0,(t14.*th1.*th22.*x1)./8.0,t5.*t14.*th1.*th22.*x1.*(-1.0./8.0),t6.*t14.*th1.*th22.*x1.*(-1.0./8.0),t7.*t14.*th1.*th22.*x1.*(-1.0./8.0),t8.*t14.*th1.*th22.*x1.*(-1.0./8.0),t9.*t14.*th1.*th22.*x1.*(-1.0./8.0),t10.*t14.*th1.*th22.*x1.*(-1.0./8.0)];
mt14 = [t14.*th1.*th22.*x1.*(-2.502801109457882e-3),t11.*t14.*th1.*th22.*x1.*(-1.0./8.0),0.0,0.0,0.0,0.0,0.0,0.0,0.0,0.0,0.0,0.0,0.0];
dfdxSym = reshape([mt1,mt2,mt3,mt4,mt5,mt6,mt7,mt8,mt9,mt10,mt11,mt12,mt13,mt14],10,10);
