function x0Sym = x0_model(in1)
%X0_MODEL
%    x0Sym = X0_MODEL(IN1)

%    This function was generated by the Symbolic Math Toolbox version 9.2.
%    31-May-2023 21:38:06

mt1 = [1.495000001e-1;1.12842255201e+1;8.0000000001;4.8696955781;1.4565395431;1.0e-10;1.0e-10];
mt2 = [4.0613273621;1.0e-10;1.0e-10];
x0Sym = [mt1;mt2];
