function dfdthSym = dfdth_model(t,in2,in3)
%DFDTH_MODEL
%    dfdthSym = DFDTH_MODEL(T,IN2,IN3)

%    This function was generated by the Symbolic Math Toolbox version 9.2.
%    31-May-2023 22:58:58

th1 = in3(1,:);
th4 = in3(3,:);
th7 = in3(4,:);
th8 = in3(5,:);
x1 = in2(1,:);
x2 = in2(2,:);
x3 = in2(3,:);
x4 = in2(4,:);
x5 = in2(5,:);
x6 = in2(6,:);
x7 = in2(7,:);
x8 = in2(8,:);
x9 = in2(9,:);
t2 = x1.*x2;
t3 = x1.*x3;
t4 = x1.*x4;
t5 = x4+5.0e+1;
t9 = x2+4.99999999947016e+1;
t10 = x7+4.50453941032787e+1;
t11 = x8+9.1442624205459;
t12 = x6+1.43065139909203e+1;
t13 = x5+1.22227769336829;
t15 = x9+1.25906487716113e-1;
t16 = x3+4.29682786241875e-2;
t6 = 1.0./t5;
t14 = 1.0./t9;
t17 = 1.0./t10;
t18 = 1.0./t11;
t20 = 1.0./t12;
t21 = 1.0./t13;
t22 = 1.0./t15;
t25 = 1.0./t16;
t7 = t6.*x4;
t19 = t14.*x2;
t23 = t17.*x7;
t24 = t18.*x8;
t26 = t20.*x6;
t27 = t21.*x5;
t28 = t22.*x9;
t29 = t25.*x3;
t8 = t7./4.0e+2;
t30 = t19./4.0e+2;
t31 = t23./4.0e+2;
t32 = t24./4.0e+2;
t33 = t26./4.0e+2;
t34 = t27./4.0e+2;
t35 = t28./4.0e+2;
t36 = t29./4.0e+2;
t37 = t7+t19+t23+t24+t26+t27+t28+t29;
t38 = t8+t30+t31+t32+t33+t34+t35+t36;
t39 = t38.*x1;
t40 = -t39;
et1 = t7.*2.325586119397209e-1+t19.*2.325586119397209e-1+t23.*2.325586119397209e-1+t24.*2.325586119397209e-1+t26.*2.325586119397209e-1;
et2 = t27.*2.325586119397209e-1+t28.*2.325586119397209e-1+t29.*2.325586119397209e-1;
et3 = t7.*2.546040381646925e-1+t19.*2.546040381646925e-1+t23.*2.546040381646925e-1+t24.*2.546040381646925e-1+t26.*2.546040381646925e-1;
et4 = t27.*2.546040381646925e-1+t28.*2.546040381646925e-1+t29.*2.546040381646925e-1;
et5 = t7.*3.075846366960301e-2+t19.*3.075846366960301e-2+t23.*3.075846366960301e-2+t24.*3.075846366960301e-2+t26.*3.075846366960301e-2+t27.*3.075846366960301e-2;
et6 = t28.*3.075846366960301e-2+t29.*3.075846366960301e-2;
mt1 = [x1.*(t7./8.0+t19./8.0+t23./8.0+t24./8.0+t26./8.0+t27./8.0+t28./8.0+t29./8.0),-x1.*(et1+et2),(t37.*x1.*(-1.0./8.0))./th4,t40,-x1.*(et3+et4),(t37.*x1.*(-1.0./8.0))./th7,(t37.*x1.*(-1.0./8.0))./th8,t40,-x1.*(et5+et6),0.0,-x1,0.0,0.0,0.0,0.0,0.0,0.0,0.0,0.0,0.0,0.0,0.0,(t37.*th1.*1.0./th4.^2.*x1)./8.0,0.0,0.0,0.0,0.0,0.0,0.0,0.0,0.0,0.0,0.0,0.0,0.0,(t37.*th1.*1.0./th7.^2.*x1)./8.0,0.0,0.0,0.0,0.0,0.0,0.0,0.0,0.0,0.0,0.0,(t37.*th1.*1.0./th8.^2.*x1)./8.0,0.0,0.0,0.0,0.0,-t2,0.0,0.0,t2,0.0,0.0,0.0,0.0,t2];
mt2 = [0.0,0.0,-t3,0.0,t3,0.0,0.0,0.0,t3,0.0,0.0,0.0,0.0,-t4,t4,0.0,0.0,t4,0.0,0.0,0.0,0.0,0.0,0.0,-x1.*x5,x1.*x6,x1.*x7,0.0,0.0,0.0];
dfdthSym = reshape([mt1,mt2],10,9);
