function dfdxSym = dfdx_model(t,in2,in3)
%DFDX_MODEL
%    dfdxSym = DFDX_MODEL(T,IN2,IN3)

%    This function was generated by the Symbolic Math Toolbox version 9.2.
%    31-May-2023 22:58:57

th1 = in3(1,:);
th2 = in3(2,:);
th4 = in3(3,:);
th7 = in3(4,:);
th8 = in3(5,:);
th11 = in3(6,:);
th12 = in3(7,:);
th13 = in3(8,:);
th14 = in3(9,:);
x1 = in2(1,:);
x2 = in2(2,:);
x3 = in2(3,:);
x4 = in2(4,:);
x5 = in2(5,:);
x6 = in2(6,:);
x7 = in2(7,:);
x8 = in2(8,:);
x9 = in2(9,:);
t2 = th11.*x2;
t3 = th12.*x3;
t4 = th13.*x4;
t5 = 1.0./th4;
t6 = 1.0./th7;
t7 = 1.0./th8;
t8 = x4+5.0e+1;
t14 = x2.*3.5184372088832e+13;
t15 = x7.*1.40737488355328e+14;
t16 = x8.*7.0368744177664e+13;
t17 = x5.*1.125899906842624e+15;
t18 = x6.*5.62949953421312e+14;
t19 = x9.*9.007199254740992e+15;
t21 = x3.*1.441151880758559e+17;
t24 = x2+4.99999999947016e+1;
t25 = x7+4.50453941032787e+1;
t26 = x8+9.1442624205459;
t29 = x6+1.43065139909203e+1;
t30 = x5+1.22227769336829;
t37 = x9+1.25906487716113e-1;
t38 = x3+4.29682786241875e-2;
t9 = 1.0./t8;
t23 = t14+1.759218604255179e+15;
t27 = t15+6.339575628071347e+15;
t28 = t16+6.43470262964821e+14;
t31 = t18+8.053851384809931e+15;
t32 = t17+1.376162341099175e+15;
t33 = 1.0./t24;
t35 = t19+1.134064822323629e+15;
t41 = t21+6.192381555220559e+15;
t42 = 1.0./t25;
t43 = 1.0./t26;
t47 = 1.0./t29;
t48 = 1.0./t30;
t50 = 1.0./t37;
t55 = 1.0./t38;
t10 = t9.^2;
t11 = t9.*x4;
t13 = -t9;
t34 = t33.^2;
t36 = 1.0./t23.^2;
t39 = 1.0./t27.^2;
t40 = 1.0./t28.^2;
t44 = t33.*x2;
t46 = 1.0./t32.^2;
t49 = 1.0./t31.^2;
t51 = t42.*x7;
t52 = -t33;
t53 = 1.0./t35.^2;
t54 = t43.*x8;
t56 = t55.^2;
t57 = t47.*x6;
t58 = 1.0./t41.^2;
t59 = t48.*x5;
t60 = t50.*x9;
t61 = t55.*x3;
t63 = -t55;
t12 = t10.*x4;
t45 = t34.*x2;
t62 = t56.*x3;
t64 = t46.*th1.*x1.*3.873552629109721e+27;
t66 = t36.*th1.*x1.*1.547425048942748e+26;
t67 = t40.*th1.*x1.*1.132004858012642e+26;
t69 = t39.*th1.*x1.*2.230539877833531e+27;
t72 = t49.*th1.*x1.*1.13347881548523e+28;
t74 = t53.*th1.*x1.*2.553686955615342e+28;
t77 = t58.*th1.*x1.*2.231040581170179e+30;
t80 = t11+t44+t51+t54+t57+t59+t60+t61;
t20 = t12+t13;
t22 = th1.*(t9-t12).*(-1.0./4.0e+2);
t65 = -t64;
t68 = -t66;
t70 = -t67;
t71 = -t69;
t73 = -t72;
t75 = -t74;
t76 = t45+t52;
t78 = -t77;
t79 = t62+t63;
t81 = (t80.*th1)./4.0e+2;
t82 = -t81;
mt1 = [-th2+(t80.*th1)./8.0,-t2-t80.*th1.*2.325586119397209e-1,-t3-(t5.*t80.*th1)./8.0,-t4+t82,t2+t3+t4-t80.*th1.*2.546040381646925e-1-th14.*x5,th14.*x6-(t6.*t80.*th1)./8.0,th14.*x7-(t7.*t80.*th1)./8.0,t4+t82,t3-t80.*th1.*3.075846366960301e-2,t2];
mt2 = [t36.*th1.*x1.*7.737125244713738e+27,-x1.*(th11+th1.*(t33-t45).*2.325586119397209e-1),t5.*t36.*th1.*x1.*-7.737125244713738e+27,t68,x1.*(th11-th1.*(t33-t45).*2.546040381646925e-1),t6.*t36.*th1.*x1.*-7.737125244713738e+27];
mt3 = [t7.*t36.*th1.*x1.*-7.737125244713738e+27,t68,t36.*th1.*x1.*(-1.903856685973566e+27),th11.*x1,t58.*th1.*x1.*1.11552029058509e+32];
mt4 = [t58.*th1.*x1.*(-2.0753908029525e+32),-x1.*(th12+(t5.*th1.*(t55-t62))./8.0),t78,x1.*(th12-th1.*(t55-t62).*2.546040381646925e-1),t6.*t58.*th1.*x1.*-1.11552029058509e+32];
mt5 = [t7.*t58.*th1.*x1.*-1.11552029058509e+32,t78,x1.*(th12-th1.*(t55-t62).*3.075846366960301e-2),0.0,t10.*th1.*x1.*(2.5e+1./4.0),t10.*th1.*x1.*(-1.162793059698604e+1),t5.*t10.*th1.*x1.*(-2.5e+1./4.0),-x1.*(th13+(th1.*(t9-t12))./4.0e+2)];
mt6 = [x1.*(th13-th1.*(t9-t12).*2.546040381646925e-1),t6.*t10.*th1.*x1.*(-2.5e+1./4.0),t7.*t10.*th1.*x1.*(-2.5e+1./4.0),x1.*(t22+th13),t10.*th1.*x1.*(-1.53792318348015),0.0,t46.*th1.*x1.*1.936776314554861e+29];
mt7 = [t46.*th1.*x1.*(-3.603312090804853e+29),t5.*t46.*th1.*x1.*-1.936776314554861e+29,t65,-x1.*(th14+th1.*(t48-t48.*t59).*2.546040381646925e-1),t6.*t46.*th1.*x1.*-1.936776314554861e+29];
mt8 = [t7.*t46.*th1.*x1.*-1.936776314554861e+29,t65,t46.*th1.*x1.*(-4.765781112590663e+28),0.0,t49.*th1.*x1.*5.66739407742615e+29];
mt9 = [t49.*th1.*x1.*(-1.054401039969296e+30),t5.*t49.*th1.*x1.*-5.66739407742615e+29,t73,t49.*th1.*x1.*(-1.154353134386688e+30),x1.*(th14-(t6.*th1.*(t47-t47.*t57))./8.0)];
mt10 = [t7.*t49.*th1.*x1.*-5.66739407742615e+29,t73,t49.*th1.*x1.*(-1.394562678654684e+29),0.0,t39.*th1.*x1.*1.115269938916765e+29];
mt11 = [t39.*th1.*x1.*(-2.074925031460642e+29),t5.*t39.*th1.*x1.*-1.115269938916765e+29,t71,t39.*th1.*x1.*(-2.271617840735188e+29)];
mt12 = [t6.*t39.*th1.*x1.*-1.115269938916765e+29,x1.*(th14-(t7.*th1.*(t42-t42.*t51))./8.0),t71,t39.*th1.*x1.*(-2.744319191837736e+28),0.0,t40.*th1.*x1.*5.660024290063209e+27];
mt13 = [t40.*th1.*x1.*(-1.053029913953763e+28),t5.*t40.*th1.*x1.*-5.660024290063209e+27,t70,t40.*th1.*x1.*(-1.152852032288272e+28)];
mt14 = [t6.*t40.*th1.*x1.*-5.660024290063209e+27,t7.*t40.*th1.*x1.*-5.660024290063209e+27,t70,t40.*th1.*x1.*(-1.392749211959838e+27),0.0,t53.*th1.*x1.*1.276843477807671e+30];
mt15 = [t53.*th1.*x1.*(-2.375527574905902e+30),t5.*t53.*th1.*x1.*-1.276843477807671e+30,t75,t53.*th1.*x1.*(-2.600716044432664e+30)];
mt16 = [t6.*t53.*th1.*x1.*-1.276843477807671e+30,t7.*t53.*th1.*x1.*-1.276843477807671e+30,t75,t53.*th1.*x1.*(-3.141899497913344e+29),0.0,0.0,0.0,0.0,0.0,0.0,0.0,0.0,0.0,0.0,0.0];
dfdxSym = reshape([mt1,mt2,mt3,mt4,mt5,mt6,mt7,mt8,mt9,mt10,mt11,mt12,mt13,mt14,mt15,mt16],10,10);
