function x0Sym = x0_model(in1)
%X0_MODEL
%    x0Sym = X0_MODEL(IN1)

%    This function was generated by the Symbolic Math Toolbox version 9.2.
%    31-May-2023 21:11:53

mt1 = [1.434500001e-1;1.01786156001e+1;8.0000000001;4.2354938141;1.2305997631;1.0e-10;1.0e-10];
mt2 = [4.8556959921;1.0e-10;1.0e-10];
x0Sym = [mt1;mt2];
