function dfdthSym = dfdth_model(t,in2,in3)
%DFDTH_MODEL
%    dfdthSym = DFDTH_MODEL(T,IN2,IN3)

%    This function was generated by the Symbolic Math Toolbox version 9.2.
%    31-May-2023 22:15:37

th1 = in3(1,:);
th3 = in3(3,:);
th4 = in3(4,:);
th5 = in3(5,:);
th6 = in3(6,:);
th7 = in3(7,:);
th8 = in3(8,:);
th9 = in3(9,:);
th10 = in3(10,:);
th15 = in3(15,:);
th16 = in3(16,:);
th18 = in3(17,:);
th21 = in3(18,:);
th22 = in3(19,:);
x1 = in2(1,:);
x2 = in2(2,:);
x3 = in2(3,:);
x4 = in2(4,:);
x5 = in2(5,:);
x6 = in2(6,:);
x7 = in2(7,:);
x8 = in2(8,:);
x9 = in2(9,:);
t2 = th15+x2;
t3 = th16+x3;
t4 = th18+x5;
t5 = th21+x8;
t6 = th22+x9;
t7 = x1.*x2;
t8 = x1.*x3;
t9 = x1.*x4;
t10 = 1.0./th3;
t11 = 1.0./th4;
t12 = 1.0./th5;
t13 = 1.0./th6;
t14 = 1.0./th7;
t15 = 1.0./th8;
t16 = 1.0./th9;
t17 = 1.0./th10;
t33 = x4+4.99989432222649e+1;
t34 = x7+2.09075062954877e+1;
t35 = x6+4.952428510331e+1;
t18 = 1.0./t2;
t20 = 1.0./t3;
t22 = 1.0./t4;
t24 = 1.0./t5;
t26 = 1.0./t6;
t36 = 1.0./t33;
t37 = 1.0./t34;
t38 = 1.0./t35;
t19 = t18.^2;
t21 = t20.^2;
t23 = t22.^2;
t25 = t24.^2;
t27 = t26.^2;
t28 = t18.*x2;
t29 = t20.*x3;
t30 = t22.*x5;
t31 = t24.*x8;
t32 = t26.*x9;
t39 = t36.*x4;
t40 = t37.*x7;
t41 = t38.*x6;
t42 = t28+t29+t30+t31+t32+t39+t40+t41;
mt1 = [x1.*(t28./8.0+t29./8.0+t30./8.0+t31./8.0+t32./8.0+t39./8.0+t40./8.0+t41./8.0),t10.*t42.*x1.*(-1.0./8.0),t11.*t42.*x1.*(-1.0./8.0),t12.*t42.*x1.*(-1.0./8.0),t13.*t42.*x1.*(-1.0./8.0),t14.*t42.*x1.*(-1.0./8.0),t15.*t42.*x1.*(-1.0./8.0),t16.*t42.*x1.*(-1.0./8.0),t17.*t42.*x1.*(-1.0./8.0),0.0,-x1,0.0,0.0,0.0,0.0,0.0,0.0,0.0,0.0,0.0,0.0,(t10.^2.*t42.*th1.*x1)./8.0,0.0,0.0,0.0,0.0,0.0,0.0,0.0,0.0,0.0,0.0,(t11.^2.*t42.*th1.*x1)./8.0,0.0,0.0,0.0,0.0,0.0,0.0,0.0,0.0,0.0,0.0,(t12.^2.*t42.*th1.*x1)./8.0,0.0,0.0,0.0,0.0,0.0,0.0,0.0,0.0,0.0];
mt2 = [0.0,(t13.^2.*t42.*th1.*x1)./8.0,0.0,0.0,0.0,0.0,0.0,0.0,0.0,0.0,0.0,0.0,(t14.^2.*t42.*th1.*x1)./8.0,0.0,0.0,0.0,0.0,0.0,0.0,0.0,0.0,0.0,0.0,(t15.^2.*t42.*th1.*x1)./8.0,0.0,0.0,0.0,0.0,0.0,0.0,0.0,0.0,0.0,0.0,(t16.^2.*t42.*th1.*x1)./8.0,0.0,0.0,0.0,0.0,0.0,0.0,0.0,0.0,0.0,0.0,(t17.^2.*t42.*th1.*x1)./8.0,0.0,0.0,-t7,0.0,0.0,t7,0.0,0.0,0.0,0.0,t7,0.0,0.0,-t8,0.0,t8,0.0,0.0,0.0,t8,0.0,0.0,0.0,0.0,-t9,t9,0.0,0.0,t9,0.0,0.0,0.0,0.0,0.0,0.0,-x1.*x5,x1.*x6,x1.*x7,0.0,0.0,0.0,t7.*t19.*th1.*(-1.0./8.0),(t7.*t10.*t19.*th1)./8.0,(t7.*t11.*t19.*th1)./8.0,(t7.*t12.*t19.*th1)./8.0,(t7.*t13.*t19.*th1)./8.0];
mt3 = [(t7.*t14.*t19.*th1)./8.0,(t7.*t15.*t19.*th1)./8.0,(t7.*t16.*t19.*th1)./8.0,(t7.*t17.*t19.*th1)./8.0,0.0,t8.*t21.*th1.*(-1.0./8.0),(t8.*t10.*t21.*th1)./8.0,(t8.*t11.*t21.*th1)./8.0,(t8.*t12.*t21.*th1)./8.0,(t8.*t13.*t21.*th1)./8.0,(t8.*t14.*t21.*th1)./8.0,(t8.*t15.*t21.*th1)./8.0,(t8.*t16.*t21.*th1)./8.0,(t8.*t17.*t21.*th1)./8.0,0.0,t23.*th1.*x1.*x5.*(-1.0./8.0),(t10.*t23.*th1.*x1.*x5)./8.0,(t11.*t23.*th1.*x1.*x5)./8.0,(t12.*t23.*th1.*x1.*x5)./8.0,(t13.*t23.*th1.*x1.*x5)./8.0,(t14.*t23.*th1.*x1.*x5)./8.0,(t15.*t23.*th1.*x1.*x5)./8.0,(t16.*t23.*th1.*x1.*x5)./8.0];
mt4 = [(t17.*t23.*th1.*x1.*x5)./8.0,0.0,t25.*th1.*x1.*x8.*(-1.0./8.0),(t10.*t25.*th1.*x1.*x8)./8.0,(t11.*t25.*th1.*x1.*x8)./8.0,(t12.*t25.*th1.*x1.*x8)./8.0,(t13.*t25.*th1.*x1.*x8)./8.0,(t14.*t25.*th1.*x1.*x8)./8.0,(t15.*t25.*th1.*x1.*x8)./8.0,(t16.*t25.*th1.*x1.*x8)./8.0,(t17.*t25.*th1.*x1.*x8)./8.0,0.0,t27.*th1.*x1.*x9.*(-1.0./8.0),(t10.*t27.*th1.*x1.*x9)./8.0,(t11.*t27.*th1.*x1.*x9)./8.0,(t12.*t27.*th1.*x1.*x9)./8.0,(t13.*t27.*th1.*x1.*x9)./8.0,(t14.*t27.*th1.*x1.*x9)./8.0,(t15.*t27.*th1.*x1.*x9)./8.0,(t16.*t27.*th1.*x1.*x9)./8.0,(t17.*t27.*th1.*x1.*x9)./8.0,0.0];
dfdthSym = reshape([mt1,mt2,mt3,mt4],10,19);
