function dfdxSym = dfdx_model(t,in2,in3)
%DFDX_MODEL
%    dfdxSym = DFDX_MODEL(T,IN2,IN3)

%    This function was generated by the Symbolic Math Toolbox version 9.2.
%    31-May-2023 22:15:36

th1 = in3(1,:);
th2 = in3(2,:);
th3 = in3(3,:);
th4 = in3(4,:);
th5 = in3(5,:);
th6 = in3(6,:);
th7 = in3(7,:);
th8 = in3(8,:);
th9 = in3(9,:);
th10 = in3(10,:);
th11 = in3(11,:);
th12 = in3(12,:);
th13 = in3(13,:);
th14 = in3(14,:);
th15 = in3(15,:);
th16 = in3(16,:);
th18 = in3(17,:);
th21 = in3(18,:);
th22 = in3(19,:);
x1 = in2(1,:);
x2 = in2(2,:);
x3 = in2(3,:);
x4 = in2(4,:);
x5 = in2(5,:);
x6 = in2(6,:);
x7 = in2(7,:);
x8 = in2(8,:);
x9 = in2(9,:);
t2 = th11.*x2;
t3 = th12.*x3;
t4 = th13.*x4;
t5 = th15+x2;
t6 = th16+x3;
t7 = th18+x5;
t8 = th21+x8;
t9 = th22+x9;
t10 = 1.0./th3;
t11 = 1.0./th4;
t12 = 1.0./th5;
t13 = 1.0./th6;
t14 = 1.0./th7;
t15 = 1.0./th8;
t16 = 1.0./th9;
t17 = 1.0./th10;
t37 = x4.*3.5184372088832e+13;
t38 = x6.*1.40737488355328e+14;
t39 = x7.*1.40737488355328e+14;
t42 = x4+4.99989432222649e+1;
t44 = x7+2.09075062954877e+1;
t46 = x6+4.952428510331e+1;
t18 = 1.0./t5;
t20 = 1.0./t6;
t22 = 1.0./t7;
t24 = 1.0./t8;
t26 = 1.0./t9;
t43 = t37+1.759181422380553e+15;
t45 = t39+2.942469923800147e+15;
t47 = t38+6.969923498033035e+15;
t48 = 1.0./t42;
t52 = 1.0./t44;
t54 = 1.0./t46;
t19 = t18.^2;
t21 = t20.^2;
t23 = t22.^2;
t25 = t24.^2;
t27 = t26.^2;
t28 = t18.*x2;
t30 = t20.*x3;
t32 = t22.*x5;
t33 = t24.*x8;
t34 = t26.*x9;
t35 = -t18;
t36 = -t20;
t49 = t48.^2;
t50 = 1.0./t43.^2;
t51 = 1.0./t47.^2;
t53 = 1.0./t45.^2;
t55 = t48.*x4;
t57 = t52.*x7;
t58 = t54.*x6;
t59 = -t48;
t29 = t19.*x2;
t31 = t21.*x3;
t56 = t49.*x4;
t61 = t28+t30+t32+t33+t34+t55+t57+t58;
t40 = t29+t35;
t41 = t31+t36;
t60 = t56+t59;
mt1 = [-th2+(t61.*th1)./8.0,-t2-(t10.*t61.*th1)./8.0,-t3-(t11.*t61.*th1)./8.0,-t4-(t12.*t61.*th1)./8.0,t2+t3+t4-th14.*x5-(t13.*t61.*th1)./8.0,th14.*x6-(t14.*t61.*th1)./8.0,th14.*x7-(t15.*t61.*th1)./8.0,t4-(t16.*t61.*th1)./8.0,t3-(t17.*t61.*th1)./8.0,t2,(t19.*th1.*th15.*x1)./8.0,-x1.*(th11+(t10.*th1.*(t18-t29))./8.0),t11.*t19.*th1.*th15.*x1.*(-1.0./8.0),t12.*t19.*th1.*th15.*x1.*(-1.0./8.0),x1.*(th11-(t13.*th1.*(t18-t29))./8.0),t14.*t19.*th1.*th15.*x1.*(-1.0./8.0)];
mt2 = [t15.*t19.*th1.*th15.*x1.*(-1.0./8.0),t16.*t19.*th1.*th15.*x1.*(-1.0./8.0),t17.*t19.*th1.*th15.*x1.*(-1.0./8.0),th11.*x1,(t21.*th1.*th16.*x1)./8.0,t10.*t21.*th1.*th16.*x1.*(-1.0./8.0),-x1.*(th12+(t11.*th1.*(t20-t31))./8.0),t12.*t21.*th1.*th16.*x1.*(-1.0./8.0),x1.*(th12-(t13.*th1.*(t20-t31))./8.0),t14.*t21.*th1.*th16.*x1.*(-1.0./8.0),t15.*t21.*th1.*th16.*x1.*(-1.0./8.0),t16.*t21.*th1.*th16.*x1.*(-1.0./8.0),x1.*(th12-(t17.*th1.*(t20-t31))./8.0),0.0,t50.*th1.*x1.*7.736961717099763e+27];
mt3 = [t10.*t50.*th1.*x1.*-7.736961717099763e+27,t11.*t50.*th1.*x1.*-7.736961717099763e+27,-x1.*(th13+(t12.*th1.*(t48-t56))./8.0),x1.*(th13-(t13.*th1.*(t48-t56))./8.0),t14.*t50.*th1.*x1.*-7.736961717099763e+27,t15.*t50.*th1.*x1.*-7.736961717099763e+27,x1.*(th13-(t16.*th1.*(t48-t56))./8.0)];
mt4 = [t17.*t50.*th1.*x1.*-7.736961717099763e+27,0.0,(t23.*th1.*th18.*x1)./8.0,t10.*t23.*th1.*th18.*x1.*(-1.0./8.0),t11.*t23.*th1.*th18.*x1.*(-1.0./8.0),t12.*t23.*th1.*th18.*x1.*(-1.0./8.0),-x1.*(th14+(t13.*th1.*(t22-t23.*x5))./8.0),t14.*t23.*th1.*th18.*x1.*(-1.0./8.0),t15.*t23.*th1.*th18.*x1.*(-1.0./8.0),t16.*t23.*th1.*th18.*x1.*(-1.0./8.0),t17.*t23.*th1.*th18.*x1.*(-1.0./8.0),0.0,t51.*th1.*x1.*1.226161908927439e+29];
mt5 = [t10.*t51.*th1.*x1.*-1.226161908927439e+29,t11.*t51.*th1.*x1.*-1.226161908927439e+29,t12.*t51.*th1.*x1.*-1.226161908927439e+29,t13.*t51.*th1.*x1.*-1.226161908927439e+29,x1.*(th14-(t14.*th1.*(t54-t54.*t58))./8.0),t15.*t51.*th1.*x1.*-1.226161908927439e+29];
mt6 = [t16.*t51.*th1.*x1.*-1.226161908927439e+29,t17.*t51.*th1.*x1.*-1.226161908927439e+29,0.0,t53.*th1.*x1.*5.176447832959076e+28,t10.*t53.*th1.*x1.*-5.176447832959076e+28,t11.*t53.*th1.*x1.*-5.176447832959076e+28];
mt7 = [t12.*t53.*th1.*x1.*-5.176447832959076e+28,t13.*t53.*th1.*x1.*-5.176447832959076e+28,t14.*t53.*th1.*x1.*-5.176447832959076e+28,x1.*(th14-(t15.*th1.*(t52-t52.*t57))./8.0),t16.*t53.*th1.*x1.*-5.176447832959076e+28,t17.*t53.*th1.*x1.*-5.176447832959076e+28,0.0];
mt8 = [(t25.*th1.*th21.*x1)./8.0,t10.*t25.*th1.*th21.*x1.*(-1.0./8.0),t11.*t25.*th1.*th21.*x1.*(-1.0./8.0),t12.*t25.*th1.*th21.*x1.*(-1.0./8.0),t13.*t25.*th1.*th21.*x1.*(-1.0./8.0),t14.*t25.*th1.*th21.*x1.*(-1.0./8.0),t15.*t25.*th1.*th21.*x1.*(-1.0./8.0),t16.*t25.*th1.*th21.*x1.*(-1.0./8.0),t17.*t25.*th1.*th21.*x1.*(-1.0./8.0),0.0,(t27.*th1.*th22.*x1)./8.0,t10.*t27.*th1.*th22.*x1.*(-1.0./8.0),t11.*t27.*th1.*th22.*x1.*(-1.0./8.0),t12.*t27.*th1.*th22.*x1.*(-1.0./8.0),t13.*t27.*th1.*th22.*x1.*(-1.0./8.0),t14.*t27.*th1.*th22.*x1.*(-1.0./8.0),t15.*t27.*th1.*th22.*x1.*(-1.0./8.0),t16.*t27.*th1.*th22.*x1.*(-1.0./8.0),t17.*t27.*th1.*th22.*x1.*(-1.0./8.0),0.0,0.0,0.0,0.0,0.0];
mt9 = [0.0,0.0,0.0,0.0,0.0,0.0];
dfdxSym = reshape([mt1,mt2,mt3,mt4,mt5,mt6,mt7,mt8,mt9],10,10);
