function x0Sym = x0_model(in1)
%X0_MODEL
%    x0Sym = X0_MODEL(IN1)

%    This function was generated by the Symbolic Math Toolbox version 9.2.
%    31-May-2023 22:15:37

mt1 = [1.771000001e-1;6.1238975081;8.0000000001;3.5847404271;2.8030114431;1.0e-10;1.0e-10];
mt2 = [3.1013344411;1.0e-10;1.0e-10];
x0Sym = [mt1;mt2];
